  6-Mar-21 11/23/2020
 136531               1
   3755
*3755.000             1               0 SNB   3   2 CLC    40   41
  0.337347891E+02 0.169550000E+03-0.209089255E+01 0.129249613E+07
  0.129148485E+07 0.165549642E+03-0.903408932E+01 0.583980725E+02
  0.181682908E+01 0.395768918E+00 0.684328921E+00 0.179760361E+08
  0.167648723E+03-0.147170393E+01 0.635618998E+01 0.185967209E+01
  0.895186640E+00 0.816872371E+00 0.555156951E+01 0.114523180E+02
  0.277543532E+02 0.135309679E+02 0.472040380E+01-0.503654082E+00
  0.201232757E+03 0.136358187E+03 0.939624727E+02
  0.473160949E+14 0.547707350E+14 0.573420992E+14
  0.116743104E+03 0.115102169E+03
  0.634448104E+14
  0.288547892E+01 0.308647423E+00 0.209314962E+01 0.161700136E+01
  0.734131285E+00 0.860885287E+01-0.500000000E+02-0.500000000E+02
 -0.500000000E+02-0.756114029E-02 0.179586032E+05 0.914922341E+06
  0.832237768E-03 0.138298992E+01 0.139485230E+01-0.732867905E-02
  0.143491955E+01 0.160660123E+03 0.000000000E+00 0.000000000E+00
  0.125586152E+03-0.115133405E+03 0.120413865E+03 0.115738748E+03
  0.798663228E+01-0.500000000E+02-0.207532400E+01-0.205276841E+01
  0.100000000E+03 0.344114066E+02 0.458729445E+02 0.555156951E+01
  0.172698894E+03 0.662027748E+00 0.259956468E+00 0.916357753E+03
  0.950231366E+00 0.197402270E+01 0.971180609E+06-0.533292653E-05
  0.773089647E+00 0.972704283E+03 0.122721390E+01 0.100000000E+02
    44   76   18    6
 -0.882783805E-01-0.886985290E-01-0.660653956E-01-0.391899644E-01
  0.587843654E-02-0.286870067E+00-0.337902045E+00 0.131693089E-01
 -0.185650715E+00-0.869647633E-01-0.976836574E-01-0.651650906E-01
 -0.313630815E-01 0.418040063E-01-0.322223732E+00-0.357813883E+00
  0.641617615E-01-0.167279013E+00-0.727188817E-01-0.768293383E-01
 -0.700514725E-01-0.495709691E-01-0.229368851E-01 0.393074452E-02
 -0.163940270E+00-0.307806386E+00-0.283111182E+00-0.320798067E+00
 -0.258731907E+00-0.803702021E-01-0.738005024E-01-0.448900718E-01
 -0.430347576E-02 0.409208776E-01-0.175324236E+00-0.318516703E+00
 -0.291222915E+00-0.362280114E+00-0.291199761E+00-0.759068721E-02
 -0.975145139E-01-0.205986436E-01-0.758490256E-01-0.128138125E+00
  0.439931747E+00 0.439311875E+00 0.358905824E+00 0.171748095E+00
  0.695084177E-01-0.674848093E-01-0.937130100E-01 0.924910870E-01
  0.176708468E+00 0.233913909E+00 0.309949237E+00 0.274889606E+00
  0.332495183E+00 0.319605330E+00 0.287209638E+00 0.430117147E+00
  0.398989134E+00 0.204782822E+00 0.122246976E+00-0.108766653E+00
 -0.162262114E+00 0.158575278E-01 0.164747334E+00 0.160471377E+00
  0.283648748E+00 0.325309237E+00 0.293236835E+00 0.364820177E+00
  0.333951992E+00-0.109213607E+00-0.662055486E-02 0.126431897E+00
  0.178750445E+00 0.181766362E+00 0.246771173E+00 0.298078464E+00
  0.273574973E+00 0.288254320E+00 0.319281202E+00 0.284366494E+00
  0.335914100E+00 0.307474976E+00 0.292969708E+00 0.318581049E+00
  0.279481929E+00 0.160911808E+00 0.162105674E+00 0.283502298E-01
 -0.157838561E+00-0.102605426E+00 0.121630389E+00 0.207317631E+00
  0.399682490E+00 0.430520310E+00 0.439902281E+00 0.439295118E+00
  0.360971193E+00 0.180048735E+00 0.676402280E-01-0.762257873E-01
  0.149547445E+00 0.168164353E+00 0.151004878E+00 0.131892471E+00
 -0.538604274E-01-0.220941715E-01-0.152463193E+00-0.184166952E+00
 -0.732356085E-01-0.590230662E-01 0.125926563E+00 0.396857738E-01
  0.227292941E-01 0.723071044E-01 0.110808526E+00 0.123511666E+00
 -0.112736371E+06-0.109630666E+06-0.210510122E+05 0.423944639E+05
  0.141940269E+06-0.177374800E+06-0.229379857E+06 0.163902190E+06
 -0.140835748E+06-0.960024872E+05-0.146339336E+06-0.227286954E+05
  0.188830740E+05 0.183462544E+06-0.216918155E+06-0.245031884E+06
  0.226043377E+06-0.144253752E+06
 -0.131746602E+05-0.128185889E+05-0.125274238E+05-0.123454414E+05
 -0.130152559E+05-0.127336387E+05
  0.000000000E+00 0.104158424E+03-0.124914447E+03 0.134532417E+03
 -0.136300000E+03 0.000000000E+00 0.000000000E+00 0.000000000E+00
  0.000000000E+00 0.000000000E+00 0.694893587E+02 0.117172512E+01
  0.723929802E+00 0.166234038E+01-0.233709210E+01-0.302812011E+00
 -0.532767137E+00 0.000000000E+00 0.999000000E+03 0.200775879E+01
  0.133833777E+02 0.123926903E+01 0.289349105E+02-0.587358173E+00
  0.353874512E+01 0.599141870E+01 0.340190086E+01 0.260533578E+00
  0.201079356E+00 0.460840693E+00 0.107220122E+01 0.223700521E+01
  0.519337517E+02 0.290310978E+01 0.335967122E+01 0.152391323E+02
  0.950497971E+01 0.414795940E+01 0.583746724E+01 0.518033351E+01
  0.177201827E+01 0.115805632E+03 0.117448676E+03 0.104158424E+03
 -0.124914447E+03 0.123898122E+03 0.123797370E+03 0.134532417E+03
 -0.136300000E+03 0.220671535E+08 0.295325500E+00 0.453191013E+00
  0.144388717E+03 0.166343750E+03 0.000000000E+00 0.641618440E+00
  0.000000000E+00-0.414032574E+01 0.000000000E+00 0.100000000E+11
                                            KIM
