dee    diii-d
 Template inone namelist for running onetwo/toray
-------------------------------------------------------  
&NAMELIS1
  RMAJOR = 0.0 
  RMINOR = 60.0 
  BTOR = 0.0 
  TOTCUR = 0.0 
  RIN = 84.0 
  ROUT = 243.0 
  ZAX = 0.0 
  NPRIM = 1 
  NIMP = 1 
  NAMEP = 'd' 
  NAMEI = 'c' 
  CER_ION = 'c' 
  ITENP = 0 
  ITTE = 0 
  ITTI = 0 
  ITXJ = 0 
  IANGROT = 1 
  ITANGROT = 0 
  TAUPIN = 0.25 
  WNEO = 1.0 0.0 0.0 1.0 0.0 0.0 1.0 0.0 1.0 0.0 0.0 0.0 1.0 1.0 0.0  
    0.0 0.0 0.0 1.0 0.0 0.0 0.0 0.0 0.0 1.0 
  WNEOT = 1.0 
  JHIRSH = 110 
  RESISTIVE = 'hirshman' 
  FTCALC = 'exact' 
  INENEZ = 1 
  ADJZEFF = 1 
  NBCTIM = 1 
  BCTIME = 0.0 
  SPLNINPT = 'new' 
  TIME0 = 2.04 
  TIMMAX = 2.039 
  DTMAX = 0.0005 
  NMAX = 100000.0 
  IFFAR = 0 
  JPRT = 1 
  JFLUX = 1 
  JCOEF = 0 
  JSOURC = 0 
  JBAL = 0 
  JTFUS = 0 
  JSXR = 0 
  NNEU = 1 
  NAMEN = 'd' 
  RUN_PREPLT = .true. 
  MOMTM_FILE = 0 
  DO_EQPLOT = 0 
  NJENE = 51 
  RENEIN(1,1) = 0.0 0.02 0.04 0.06 0.08 0.1 0.12 0.14 0.16 0.18 0.2  
    0.22 0.24 0.26 0.28 0.3 0.32 0.34 0.36 0.38 0.4 0.42 0.44 0.46 0.48  
    0.5 0.52 0.54 0.56 0.58 0.6 0.62 0.64 0.66 0.68 0.7 0.72 0.74 0.76  
    0.78 0.8 0.82 0.84 0.86 0.88 0.9 0.92 0.94 0.96 0.98 1.0 
  ENEIN(1,1) = 3.189331e+13 3.187675e+13 3.182776e+13 3.174734e+13  
    3.163651e+13 3.149628e+13 3.132768e+13 3.11317e+13 3.090936e+13  
    3.066168e+13 3.038966e+13 3.009434e+13 2.97767e+13 2.943778e+13  
    2.907858e+13 2.870011e+13 2.830339e+13 2.788944e+13 2.745926e+13  
    2.701388e+13 2.655429e+13 2.608152e+13 2.559658e+13 2.510048e+13  
    2.459424e+13 2.407886e+13 2.355537e+13 2.302478e+13 2.248809e+13  
    2.194633e+13 2.14005e+13 2.085163e+13 2.030071e+13 1.974877e+13  
    1.919682e+13 1.864587e+13 1.809684e+13 1.754993e+13 1.700498e+13  
    1.646184e+13 1.592036e+13 1.538038e+13 1.484177e+13 1.430437e+13  
    1.376802e+13 1.323258e+13 1.269789e+13 1.216381e+13 1.163018e+13  
    1.109685e+13 1.056367e+13 
  NJTE = 51 
  RTEIN(1,1) = 0.0 0.02 0.04 0.06 0.08 0.1 0.12 0.14 0.16 0.18 0.2 0.22  
    0.24 0.26 0.28 0.3 0.32 0.34 0.36 0.38 0.4 0.42 0.44 0.46 0.48 0.5  
    0.52 0.54 0.56 0.58 0.6 0.62 0.64 0.66 0.68 0.7 0.72 0.74 0.76 0.78  
    0.8 0.82 0.84 0.86 0.88 0.9 0.92 0.94 0.96 0.98 1.0 
  TEIN(1,1) = 2.399872 2.394078 2.377305 2.350467 2.314478 2.270251  
    2.218699 2.160738 2.09728 2.029238 1.957528 1.883061 1.806753  
    1.729517 1.652266 1.575915 1.501376 1.429417 1.360145 1.293477  
    1.229332 1.167629 1.108287 1.051223 0.9963574 0.943608 0.8928936  
    0.8441324 0.7972431 0.7521448 0.7087556 0.6669943 0.6267796  
    0.5880296 0.5506638 0.5146002 0.4797572 0.4460541 0.4134091  
    0.3817407 0.3509676 0.3210084 0.2917819 0.2632065 0.2352008  
    0.2076836 0.1805732 0.1537885 0.127248 0.1008701 0.07457379 
  NJTI = 51 
  RTIIN(1,1) = 0.0 0.02 0.04 0.06 0.08 0.1 0.12 0.14 0.16 0.18 0.2 0.22  
    0.24 0.26 0.28 0.3 0.32 0.34 0.36 0.38 0.4 0.42 0.44 0.46 0.48 0.5  
    0.52 0.54 0.56 0.58 0.6 0.62 0.64 0.66 0.68 0.7 0.72 0.74 0.76 0.78  
    0.8 0.82 0.84 0.86 0.88 0.9 0.92 0.94 0.96 0.98 1.0 
  TIIN(1,1) = 3.04004 3.023986 2.978976 2.909734 2.820985 2.717454  
    2.603868 2.48495 2.365426 2.249615 2.138786 2.032824 1.931608  
    1.835016 1.742926 1.655216 1.571765 1.492452 1.417154 1.34575  
    1.278118 1.214136 1.153683 1.096637 1.042876 0.9922796 0.9447247  
    0.9000904 0.858255 0.8190964 0.7824931 0.7483233 0.7164654 0.686798  
    0.6591988 0.6335469 0.6097202 0.587597 0.5670558 0.5479745  
    0.5302317 0.5137057 0.4982751 0.4838176 0.4702121 0.4573366  
    0.4450697 0.4332893 0.421874 0.4107021 0.3996519 
  RANGROT(1,1) = 0.0 0.02 0.04 0.06 0.08 0.1 0.12 0.14 0.16 0.18 0.2  
    0.22 0.24 0.26 0.28 0.3 0.32 0.34 0.36 0.38 0.4 0.42 0.44 0.46 0.48  
    0.5 0.52 0.54 0.56 0.58 0.6 0.62 0.64 0.66 0.68 0.7 0.72 0.74 0.76  
    0.78 0.8 0.82 0.84 0.86 0.88 0.9 0.92 0.94 0.96 0.98 1.0 
  ANGROTIN(1,1) = 127165.4 123520.1 119241.7 115088.3 111057.2 107146.3  
    103352.4 99673.1 96105.73 92647.95 89296.98 86049.97 82904.87  
    79858.59 76908.8 74052.94 71288.17 68611.93 66021.41 63514.5  
    61088.39 58740.03 56467.8 54267.91 52139.02 50077.32 48080.97  
    46147.16 44273.05 42456.81 40694.91 38985.22 37324.71 35711.29  
    34142.12 32614.64 31126.28 29674.21 28256.35 26869.62 25511.49  
    24179.45 22870.83 21582.95 20313.57 19059.63 17818.71 16588.26  
    15365.59 14148.17 12933.33 
  NJZEF = 51 
  RZEFFIN(1,1) = 0.0 0.02 0.04 0.06 0.08 0.1 0.12 0.14 0.16 0.18 0.2  
    0.22 0.24 0.26 0.28 0.3 0.32 0.34 0.36 0.38 0.4 0.42 0.44 0.46 0.48  
    0.5 0.52 0.54 0.56 0.58 0.6 0.62 0.64 0.66 0.68 0.7 0.72 0.74 0.76  
    0.78 0.8 0.82 0.84 0.86 0.88 0.9 0.92 0.94 0.96 0.98 1.0 
  ZEFFIN(1,1) = 1.317256 1.317248 1.317228 1.317201 1.317173 1.31715  
    1.317136 1.317137 1.31716 1.31721 1.317295 1.31742 1.317595  
    1.317825 1.31812 1.318489 1.318942 1.319489 1.320141 1.320912  
    1.321816 1.322866 1.324079 1.325474 1.32707 1.328887 1.33095  
    1.333285 1.33592 1.338885 1.342216 1.345949 1.350127 1.354794 1.36  
    1.365801 1.372257 1.379452 1.387487 1.396478 1.406534 1.417731  
    1.430144 1.443862 1.458986 1.475634 1.493943 1.514075 1.536224  
    1.560618 1.587537 
  DT = 0.0001 
  DTMIN = 1e-06 
  STEPS_PER_PLOT = 1 
/

&NAMELIS2
  IYOKA = 1 
  ISHOT = 150142 
  ITIME = 2040 
  BEAMON = 0.3001 
  BTIME = 5.2789 
  TIMBPLT = 0.0 
  NBEAMTCX = 1 
  ITERATE_BEAM = .false. 
  NAMEB = 'd' 
  FDBEAM = 1.0 
  NPART = 50000 
  NPSKIP = 1 
  MF = 21 
  FE_TK = 1.5 
  IEXCIT = 5 
  IZSTRP = 1 1 
  NBEAMS = 2 
  NSOURC = 2 
  SFRAC1 = 0.0 0.0 
  EBKEV = 58.9637 59.9844 
  BPTOR = 1091120.0 1138380.0 
  ANGLEH = 19.5 19.5 
  FBCUR = 0.8 0.14 0.06 0.8 0.14 0.06 
  ANGRCPLE = 1.0 
  IRFPLT = 0 
  IDDFUSRATE = 1 
  IDDFUSB = 1 
  IDDFUSB_S = 1 
  IMAXBEAMCONVG = 15 
  HDEPSMTH = 100.0 
  RELNUB = 0.1 
  IDDFUSB_BULK = 1 
  ICALC_CXFACTOR = 1 
  TORAY_VERSION = 1.8 
  TORAY_PATH = '/home/prater/bin/toray1.8_noclob' 
  RFON = -1.0 -1.0 -1.0 -1.0 -1.0 -1.0 
  RFTIME = -1.0 -1.0 -1.0 -1.0 -1.0 -1.0 
  IRFCUR = 1 1 1 1 1 1 
  FREQ = 110000000000.0 110000000000.0 110000000000.0 110000000000.0  
    110000000000.0 110000000000.0 
  WRFO = 0.0 0.0 0.0 0.0 0.0 0.0 
  GAFSEP = 1e-06 
  RELRF = 0.25 
  HLWEC = 1.7 1.7 1.7 1.7 1.7 1.7 
  RATWEC = 1.0 1.0 1.0 1.0 1.0 1.0 
  RFMODE = 'ech' 'ech' 'ech' 'ech' 'ech' 'ech' 
  RFPOW = 0.0 0.0 0.0 0.0 0.0 0.0 
  THETEC = 0.0 0.0 0.0 0.0 0.0 0.0 
  PHAIEC = 0.0 0.0 0.0 0.0 0.0 0.0 
  XEC = 0.0 0.0 0.0 0.0 0.0 0.0 
  ZEC = 0.0 0.0 0.0 0.0 0.0 0.0 
  NRAY = 30 30 30 30 30 30 
  IDAMP = 8 8 8 8 8 8 
  NQRAD = 51 
  QRADR = 0.0 0.02 0.04 0.06 0.08 0.1 0.12 0.14 0.16 0.18 0.2 0.22 0.24  
    0.26 0.28 0.3 0.32 0.34 0.36 0.38 0.4 0.42 0.44 0.46 0.48 0.5 0.52  
    0.54 0.56 0.58 0.6 0.62 0.64 0.66 0.68 0.7 0.72 0.74 0.76 0.78 0.8  
    0.82 0.84 0.86 0.88 0.9 0.92 0.94 0.96 0.98 1.0 
  QRADIN(1,1) = 0.002190716 0.002214949 0.002242729 0.002286559  
    0.002348143 0.002427216 0.00252484 0.002639735 0.002773696  
    0.002926336 0.00309892 0.003291865 0.003506057 0.003742033  
    0.004001204 0.004284544 0.004593248 0.004928783 0.00529269  
    0.005686529 0.00611227 0.006571668 0.007067063 0.007600873  
    0.008175198 0.008793187 0.009457684 0.01017188 0.01093925  
    0.01176342 0.01264851 0.01359888 0.01461897 0.015714 0.01688932  
    0.01815066 0.01950434 0.02095705 0.02251603 0.02418901 0.02598435  
    0.02791103 0.02997876 0.03219766 0.03457927 0.03713503 0.03970965  
    0.04147404 0.04142649 0.03855533 0.03183559 
  IDDCAL = 3 
  IBCX = 1 
  ANGLEV = 0.0 0.0 
  IBCUR = 1 
  IBORB = 1 
  IFUS = 1 
/

&NAMELIS3
  IFIXSHAP = 1 
  XDIM = 170.0 
  YDIM = 320.0 
  REDGE = 84.0 
  EQDSKIN = 'g150142.02040' 
  IRGUESS = -99 
  ITORFLUSE = 1 
  ITERDB = 1
/

