  3-Aug-12 03/13/2012
 150136               1
  0.208600000E+04
*2086.000             1               0 SNT   3   2 CLC    39   40
  0.831230145E+01 0.169550002E+03-0.191273914E+01 0.138789900E+07
  0.139049715E+07 0.165941536E+03 0.668011285E+01 0.596142215E+02
  0.177702342E+01 0.671741591E+00 0.305154297E+00 0.182549275E+08
  0.164984328E+03-0.181188484E+01 0.502046040E+01 0.629175569E+00
  0.218107029E+00 0.129491924E+01 0.472774269E+01 0.109667340E+02
  0.908180618E+01 0.257442489E+02 0.374014789E+01-0.857073683E+00
  0.199139315E+03 0.137408258E+03 0.983412954E+02
  0.212969351E+14 0.229298832E+14 0.149462005E+14
  0.119152790E+03 0.116423113E+03
 -0.242533864E+17 0.000000000E+00
  0.588112948E+01 0.331932313E+00 0.213158132E+01 0.703360993E+00
  0.614817218E+00 0.815436717E+01-0.500000000E+02-0.500000000E+02
 -0.500000000E+02 0.305759305E-01 0.182178194E+05 0.261818434E+06
  0.916815293E-03 0.126785237E+01 0.714079945E+00-0.431377579E-01
  0.138117276E+01 0.149705778E+03 0.000000000E+00 0.000000000E+00
  0.125957168E+03-0.130821634E+03 0.125896184E+03 0.112615981E+03
 -0.100000000E+03-0.500000000E+02-0.204888922E+01-0.191461968E+01
  0.289358051E+02 0.482501743E+02 0.547559163E+02 0.472774269E+01
  0.169383470E+03-0.254081243E+01 0.416655550E+00 0.339737268E+03
  0.246700349E+00 0.711659012E+00 0.296142217E+06-0.424561943E-04
  0.554226041E+00 0.384276028E+03 0.103770727E+01 0.100000000E+02
    44   76   18    6
 -0.806304970E-01-0.483401980E-01-0.163814119E-01 0.166802886E-01
  0.663833626E-01-0.253450373E+00-0.379710995E+00 0.890600547E-01
 -0.490441811E-01-0.693868859E-01-0.647790211E-01-0.318628506E-01
 -0.836844361E-02-0.824973935E-02-0.271889043E+00-0.279859525E+00
  0.230245055E-01-0.543196897E-01-0.561781905E-01-0.497033828E-01
 -0.238540574E-01 0.363328322E-02 0.342704889E-01 0.693809972E-01
 -0.500305226E-01-0.324672545E+00-0.304080456E+00-0.298995457E+00
 -0.235565710E+00-0.512871955E-01-0.396843457E-01-0.154610869E-01
 -0.982322811E-02 0.147758721E-02-0.853593788E-01-0.240317719E+00
 -0.216428747E+00-0.307239925E+00-0.234157383E+00-0.742298427E-03
 -0.312185511E-01-0.247066378E-02-0.246499081E-01-0.583881820E-01
  0.622867993E+00 0.626380478E+00 0.384125335E+00 0.171179323E+00
  0.759142524E-01-0.587944221E-01-0.128892270E+00-0.683370375E-02
  0.137295852E+00 0.268869427E+00 0.380343678E+00 0.311571132E+00
  0.343309970E+00 0.322153055E+00 0.299303898E+00 0.581766987E+00
  0.442580994E+00 0.181886344E+00 0.376872101E-01 0.396806732E-01
 -0.421920524E-01 0.122915302E-01 0.376663231E-01 0.131807280E+00
  0.259419723E+00 0.309371860E+00 0.289860696E+00 0.376552139E+00
  0.352468500E+00-0.140108477E+00-0.620612884E-01 0.459703792E-02
  0.137266085E+00 0.183477014E+00 0.287949109E+00 0.359223550E+00
  0.307999062E+00 0.307371625E+00 0.322053122E+00 0.296463024E+00
  0.354350317E+00 0.312620734E+00 0.289722599E+00 0.304636739E+00
  0.255324223E+00 0.131712383E+00 0.381519345E-01 0.162894558E-01
 -0.398381080E-01 0.385387368E-01 0.369387992E-01 0.185324102E+00
  0.444873614E+00 0.582200605E+00 0.623085553E+00 0.625231186E+00
  0.387965804E+00 0.179516858E+00 0.753144058E-01-0.680639808E-01
  0.910390284E-01 0.121416221E+00 0.938819812E-01 0.878164177E-01
 -0.915838064E-01-0.773490643E-01-0.185713607E+00-0.241524357E+00
 -0.619817601E-01-0.802353004E-01 0.127455859E+00 0.772291276E-01
  0.405690781E-01 0.501426633E-01 0.593617612E-01 0.608564719E-01
 -0.220554689E+06-0.828758700E+05-0.336502152E+03 0.716114274E+05
  0.154729571E+06-0.168765278E+06-0.333049872E+06 0.177045061E+06
 -0.815029885E+04-0.150632091E+06-0.139427515E+06-0.342589814E+04
  0.871094306E+05 0.172315641E+05-0.226178944E+06-0.221582952E+06
  0.122643070E+06-0.569092414E+04
 -0.102960732E+05-0.999895313E+04-0.104864092E+05-0.103772314E+05
 -0.102114219E+05-0.994278418E+04
  0.000000000E+00 0.115450743E+03 0.117352093E+03 0.136959787E+03
  0.134800000E+03 0.000000000E+00 0.000000000E+00 0.000000000E+00
  0.000000000E+00 0.000000000E+00 0.651590979E+02 0.000000000E+00
  0.189607820E+00 0.409192983E+00 0.331265025E+01-0.154228296E+00
 -0.742855575E+00 0.300000000E+01 0.999000000E+03 0.363213265E+01
  0.151865471E+02 0.714079945E+00 0.000000000E+00 0.150968965E+00
 -0.999000000E+03-0.999000000E+03 0.525354283E+01 0.000000000E+00
  0.148110614E+00 0.160028542E+00 0.106443759E+01 0.225555757E+01
  0.520647464E+02 0.370218549E+01 0.907591727E+01 0.564054050E+01
  0.278537307E+01 0.314125066E+00 0.617659123E+01 0.936683939E+00
  0.132167501E+01 0.115450743E+03 0.117352093E+03 0.119290471E+03
 -0.136300000E+03 0.136959787E+03 0.134800000E+03 0.130128028E+03
 -0.136300000E+03 0.116894316E+05 0.621164552E+00 0.762756019E+00
  0.126065321E+03 0.155718750E+03 0.000000000E+00 0.102810338E+01
                                            MAG
