 26-Mar-21 03/23/2021
 144981               1
   3200
*3200.000             1               0 SNB   3   2 CLC    40   41
  0.274607167E+02 0.169550000E+03-0.211511068E+01 0.147182625E+07
  0.146979984E+07 0.166883859E+03-0.902080624E+01 0.593869241E+02
  0.174359895E+01 0.188006179E+00 0.375583246E+00 0.178966695E+08
  0.168299318E+03 0.514726284E+00 0.473427857E+01 0.148952674E+01
  0.521610207E+00 0.101373211E+01 0.589727788E+01 0.102517418E+02
  0.353787394E+02 0.124325056E+02 0.349009252E+01-0.648731399E+00
  0.203394528E+03 0.142635851E+03 0.102493194E+03
  0.755193906E+14 0.842859907E+14 0.796209758E+14
  0.118710782E+03 0.116233944E+03
  0.883607580E+14
  0.313857395E+01 0.363134632E+00 0.207187308E+01 0.106577936E+01
  0.660887791E+00 0.688535984E+01-0.500000000E+02-0.500000000E+02
 -0.500000000E+02-0.220390934E+00 0.175281483E+05 0.734691538E+06
  0.953526136E-03 0.134765302E+01 0.105662972E+01-0.286143877E-01
  0.140784305E+01 0.157241492E+03 0.000000000E+00 0.000000000E+00
  0.144579125E+03-0.112567785E+03-0.999000000E+03-0.999000000E+03
  0.202840044E+02-0.500000000E+02-0.217780264E+01-0.209366222E+01
  0.100000000E+03 0.458152175E+02 0.545147736E+02 0.589727788E+01
  0.171286949E+03 0.139009806E+01 0.132078028E+00 0.133296607E+04
  0.558852423E+00 0.159587680E+01 0.787147453E+06-0.270098585E-04
  0.374996960E+00 0.142813792E+04 0.122874398E+01 0.100000000E+02
    44   76   18    6
 -0.334194467E+00-0.315867824E+00-0.323297617E+00-0.285981268E+00
 -0.281191771E+00-0.555640271E+00-0.513831815E+00-0.320416707E+00
 -0.302402948E+00-0.320099641E+00-0.320867485E+00-0.334411979E+00
 -0.320087442E+00-0.198089576E+00-0.517830006E+00-0.683528171E+00
 -0.121314846E+00-0.186260806E+00-0.309176087E+00-0.309270961E+00
 -0.311487718E+00-0.300164731E+00-0.286080255E+00-0.293679370E+00
 -0.306573687E+00-0.482545808E+00-0.460416879E+00-0.600891610E+00
 -0.516263886E+00-0.304276468E+00-0.317737487E+00-0.323488707E+00
 -0.267377953E+00-0.180088827E+00-0.280897019E+00-0.609980762E+00
 -0.581424726E+00-0.580819754E+00-0.504965814E+00-0.169077160E+00
 -0.189083314E+00-0.204461888E+00-0.223227270E+00-0.273440456E+00
  0.582347199E+00 0.594172421E+00 0.377553153E+00 0.250785259E+00
  0.302251736E-01-0.566154181E-02 0.869564188E-01 0.466173107E-01
  0.883396829E-01 0.210576674E+00 0.303857018E+00 0.297143672E+00
  0.423955865E+00 0.397108274E+00 0.325010800E+00 0.533750908E+00
  0.397681726E+00 0.315437783E+00 0.328326711E+00-0.564855494E-01
 -0.251198798E+00-0.138066345E+00-0.155194217E+00 0.163484631E+00
  0.388745058E+00 0.445344917E+00 0.364381390E+00 0.391561325E+00
  0.342548411E+00 0.782429812E-01 0.787883584E-01 0.331630940E-01
  0.877712902E-01 0.143638244E+00 0.223545735E+00 0.298302700E+00
  0.298521297E+00 0.343807267E+00 0.396364452E+00 0.321286703E+00
  0.344441370E+00 0.355139952E+00 0.363800243E+00 0.429358891E+00
  0.381404266E+00 0.163448527E+00-0.151549836E+00-0.134491543E+00
 -0.247378732E+00-0.478741784E-01 0.327908208E+00 0.315255492E+00
  0.400300100E+00 0.534309708E+00 0.582713944E+00 0.593331195E+00
  0.381066449E+00 0.259806535E+00 0.231060035E-01-0.700711279E-02
  0.735329961E-01 0.959511962E-01 0.123756876E+00 0.104165360E+00
  0.391088922E-01 0.305372534E-01-0.990812821E-01-0.157894408E+00
  0.224360038E-01 0.152920896E-01 0.170868464E+00-0.492618431E-01
  0.161287924E-01-0.781435165E-01-0.687510705E-01-0.607337073E-01
 -0.190230023E+06-0.548783116E+05-0.951525860E+05 0.950384173E+05
  0.982662297E+05-0.260493725E+06-0.181414553E+06-0.591551761E+05
  0.475763275E+05-0.116883005E+06-0.782136082E+05-0.960961023E+05
 -0.133607402E+06 0.173736144E+06-0.162517677E+06-0.410346335E+06
  0.242867483E+06 0.136345491E+06
 -0.418917148E+05-0.410216250E+05-0.410359141E+05-0.402259102E+05
 -0.420592266E+05-0.409725508E+05
  0.000000000E+00 0.112645534E+03-0.133587406E+03 0.153724589E+03
 -0.124999999E+03 0.000000000E+00 0.000000000E+00 0.000000000E+00
  0.000000000E+00 0.000000000E+00 0.754366359E+02 0.544735015E+00
  0.470675531E+00 0.316053415E+01-0.400000000E+02-0.211412811E+00
 -0.597652163E+00 0.000000000E+00 0.999000000E+03 0.238628264E+01
  0.135354440E+02 0.105393837E+01 0.439600730E+01-0.813148893E-01
  0.595152114E+01 0.571528409E+01 0.349784082E+01 0.157811091E+00
  0.248321772E-01 0.153260846E+00 0.107675837E+01 0.226109375E+01
  0.516015163E+02 0.253644734E+01-0.890000000E+02 0.144572284E+02
 -0.890000000E+02-0.890000000E+02-0.890000000E+02-0.890000000E+02
  0.151089341E+01-0.890000000E+02-0.890000000E+02 0.112645534E+03
 -0.133587406E+03-0.890000000E+02-0.890000000E+02 0.153724589E+03
 -0.124999999E+03 0.233310065E+07 0.478630248E+00 0.690800626E+00
  0.133258660E+03 0.165015625E+03 0.000000000E+00 0.840446947E+00
  0.000000000E+00-0.402615488E+01 0.000000000E+00 0.132275996E+02
                                            KIM
