dee    diii-d

-------------------------------------------------------
 &NAMELIS1
 RMAJOR = 0.0
 RMINOR = 60.0
 BTOR = 0.0
 TOTCUR = 1470278.68
 RIN = 84.0
 ROUT = 243.0
 ZAX = 0.0
 NJ = 51
 NPRIM = 1
 NIMP = 1
 NAMEP = 'd'
 NAMEI = 'c'
 CER_ION = 'c'
 ITENP = 0
 ITTE = 0
 ITTI = 0
 ITXJ = 1
 IANGROT = 1
 ITANGROT = 0
 TAUPIN = 0.25
 WNEO = 1.0 2*0.0 1.0 2*0.0 1.0 0.0 1.0 3*0.0 2*1.0 4*0.0 1.0 5*0.0 1.0
 WNEOT = 1.0
 JHIRSH = 112
 RESISTIVE = 'hirshman'
 FTCALC = 'exact'
 INENEZ = 1
 ADJZEFF = 0
 NBCTIM = 1
 BCTIME = 3.2
 SPLNINPT = 'new'
 TIME0 = 3.2
 TIMMAX = 3.21
 DTMAX = 0.005
 NMAX = 1000
 IFFAR = 0
 JPRT = 1
 JFLUX = 1
 JCOEF = 0
 JSOURC = 0
 JBAL = 0
 JTFUS = 0
 JSXR = 0
 NNEU = 1
 NAMEN = 'd'
 RUN_PREPLT = .True.
 MOMTM_FILE = 0
 DO_EQPLOT = 0
 STEADY_STATE = 1.0
 RENEIN = 0.0 0.02 0.04 0.06 0.08 0.1 0.12 0.14 0.16 0.18 0.2 0.22 0.24 0.26 
 0.28 0.3 0.32 0.34 0.36 0.38 0.4 0.42 0.44 0.46 0.48 0.5 0.52 0.54 0.56 0.58 
 0.6 0.62 0.64 0.66 0.68 0.7000000000000001 0.72 0.74 0.76 0.78 0.8 
 0.8200000000000001 0.84 0.86 0.88 0.9 0.92 0.9400000000000001 0.96 0.98 1.0
 NJENE = 51
 ENEIN = 99835090637207.02 99806156156855.36 99721364969395.83 
 99583721149125.92 99396238307087.98 99161911030825.52 98883781391646.12 
 98564825063045.14 98208074501172.89 97816524648653.53 97393198081148.98 
 96941099138746.28 96463212834069.11 95962590925319.58 95442199750243.64 
 94905109728205.56 94354295530572.88 93792724716804.03 93223457738509.72 
 92649497848615.14 92073850792122.81 91499538046977.77 90929527215380.33 
 90366878747669.34 89814576811515.4 89275617592422.23 88753032199437.69 
 88249807885161.03 87769022056373.31 87313584918865.31 86886606715330.9 
 86490964987831.17 86129817724108.55 85806074554936.7 85522775746606.88 
 85282926437052.89 85089559813440.84 84945659702902.16 84854240393551.64 
 84818325053529.36 84840898491341.48 84924964940582.89 84925364722229.44 
 84017411163374.36 81181858797491.52 75399483899020.19 65796412811509.14 
 52677224253518.9 36918111479074.87 19399040959920.98 1000000576514.1387
 RTEIN = 0.0 0.02 0.04 0.06 0.08 0.1 0.12 0.14 0.16 0.18 0.2 0.22 0.24 0.26 
 0.28 0.3 0.32 0.34 0.36 0.38 0.4 0.42 0.44 0.46 0.48 0.5 0.52 0.54 0.56 0.58 
 0.6 0.62 0.64 0.66 0.68 0.7000000000000001 0.72 0.74 0.76 0.78 0.8 
 0.8200000000000001 0.84 0.86 0.88 0.9 0.92 0.9400000000000001 0.96 0.98 1.0
 NJTE = 51
 TEIN = 2.204967975616455 2.203312396911589 2.198419570598631 
 2.190398453975618 2.179359673270469 2.165412188409632 2.1486666177365943 
 2.1292321693673357 2.1072192149380293 2.082737693645205 2.0558970013360156 
 2.026806352692348 1.9955764921039618 1.962316377300033 1.927137496519537 
 1.8901480661636725 1.8514585352313595 1.8111784534036341 1.7694173162826798 
 1.726286162354587 1.6818926467689097 1.6363496476579997 1.5897647086026958 
 1.5422480298664596 1.493910405637021 1.4448596235346258 1.395207715001743 
 1.3450636216346923 1.294536596899013 1.2437374166782036 1.192774596109024 
 1.1417596466658437 1.0908017986897336 1.0400099221059473 0.9894949976239529 
 0.9393652976934844 0.8897323721087254 0.8407055367105386 0.7923943172905069 
 0.7449091599479447 0.6983582659632617 0.6528537113714622 0.6085032251403283 
 0.5654180345006548 0.523707320544579 0.48348135990770796 0.4333202442497138 
 0.2765813225073129 0.08541153967494343 0.01739599534469792 
 0.05000000071458999
 RTIIN = 0.0 0.02 0.04 0.06 0.08 0.1 0.12 0.14 0.16 0.18 0.2 0.22 0.24 0.26 
 0.28 0.3 0.32 0.34 0.36 0.38 0.4 0.42 0.44 0.46 0.48 0.5 0.52 0.54 0.56 0.58 
 0.6 0.62 0.64 0.66 0.68 0.7000000000000001 0.72 0.74 0.76 0.78 0.8 
 0.8200000000000001 0.84 0.86 0.88 0.9 0.92 0.9400000000000001 0.96 0.98 1.0
 NJTI = 51
 TIIN = 2.2074639797210693 2.2059545516132175 2.201488971414122 
 2.194162129724564 2.1840672482149732 2.171296120898915 2.155947682931419 
 2.13811183012843 2.1178824862301746 2.0953555187363166 2.0706238788043922 
 2.04378270933836 2.014924518085171 1.9841389502749132 1.9515333198025093 
 1.917188665668398 1.8812026844641696 1.8436708520014016 1.8046846665933218 
 1.7643403908500568 1.722733510553087 1.6799506855236954 1.63609504167925 
 1.591249484370946 1.5455226649622151 1.4989967354368332 1.451766922280467 
 1.4039364367130247 1.3555851033171449 1.306817967508738 1.257722914128624 
 1.2083969230858542 1.1589355114646993 1.1094265633693838 1.059970873125752 
 1.0106601422162098 0.9615879749064579 0.9128360973860709 0.8645190963961568 
 0.8167208947874086 0.7695427230647425 0.7230586841524045 0.6773852711742832 
 0.6326065379908836 0.5888147251644011 0.5461081959822649 0.5045814863965778 
 0.46432399281843106 0.42542834993500706 0.3879943245258404 
 0.09999999032379492
 RANGROT = 0.0 0.02 0.04 0.06 0.08 0.1 0.12 0.14 0.16 0.18 0.2 0.22 0.24 0.26 
 0.28 0.3 0.32 0.34 0.36 0.38 0.4 0.42 0.44 0.46 0.48 0.5 0.52 0.54 0.56 0.58 
 0.6 0.62 0.64 0.66 0.68 0.7000000000000001 0.72 0.74 0.76 0.78 0.8 
 0.8200000000000001 0.84 0.86 0.88 0.9 0.92 0.9400000000000001 0.96 0.98 1.0
 ANGROTIN = 97080.6328125 97131.97656483436 97243.52344272542 
 97351.5859419005 97392.57030876866 97321.89063304872 97136.59371383417 
 96839.21094788228 96432.34366284501 95918.53143501804 95300.22666149747 
 94580.1015151134 93760.58569814231 92844.31202926584 91833.78129679343 
 90731.62566351162 89540.28861310238 88262.33616438623 86900.37599418251 
 85456.92151662674 83934.453584712 82335.63954013522 80662.91385667937 
 78918.84449688545 77106.06931324504 75227.01559127867 73284.37310330391 
 71280.54125266038 69218.1174097436 67099.74038595351 64927.82682243176 
 62704.91847381048 60433.72881941341 58116.63589638937 55756.22354095973 
 53355.10011404985 50915.74956043184 48440.72385295406 45932.65113669522 
 43393.972900319546 40827.259323434526 38235.1123479605 35620.01998791144 
 32984.568303666936 30331.270848977714 27662.705791435386 24981.408441623556 
 22289.91374092798 19590.776396579262 16886.549494794162 14179.777306467295
 ZEFFIN = 1.7639036819905263 1.7647236309523753 1.7671312236423575 
 1.7710516005391226 1.776414300816513 1.7831520697948238 1.791199883137267 
 1.8004953375619661 1.8109766034300292 1.8225830079453564 1.8352540632053378 
 1.8489281586804571 1.863543830419382 1.8790371070850616 1.8953427377739338 
 1.9123922096933539 1.930115620964072 1.9484387104987042 1.9672838124578484 
 1.9865690142968058 2.0062087104062067 2.026110874701505 2.0461814073352182 
 2.0663179469066772 2.0864152003897094 2.1063618786078235 2.126041032566712 
 2.145330550222071 2.164102785058245 2.1822276879320732 2.199567603139732 
 2.2159851715222745 2.2313352327578455 2.2454749686881446 2.25825757044427 
 2.2695372600183594 2.279168972553037 2.287010057066208 2.292922403627463 
 2.2967724779359235 2.2984328620092276 2.296199844671604 2.2860124733594627 
 2.273087199206916 2.2652355470554006 2.2714717969069147 2.304313855629775 
 2.366091937392725 2.4543485449662645 2.567675263620286 3.5
 RZEFFIN = 0.0 0.02 0.04 0.06 0.08 0.1 0.12 0.14 0.16 0.18 0.2 0.22 0.24 0.26 
 0.28 0.3 0.32 0.34 0.36 0.38 0.4 0.42 0.44 0.46 0.48 0.5 0.52 0.54 0.56 0.58 
 0.6 0.62 0.64 0.66 0.68 0.7000000000000001 0.72 0.74 0.76 0.78 0.8 
 0.8200000000000001 0.84 0.86 0.88 0.9 0.92 0.9400000000000001 0.96 0.98 1.0
 NJZEF = 51
 /
 &NAMELIS2
 IYOKA = 1
 ISHOT = 144981
 ITIME = 3200
 BEAMON = 3.1803 3.1602 1.2001 5*99.0
 BTIME = 0.0898999 0.0898001 4.0299 5*1.0
 TIMBPLT = 0.0
 NBEAMTCX = 1
 ITERATE_BEAM = .False.
 NAMEB = 'd'
 FDBEAM = 1.0
 NPART = 50000
 NPSKIP = 5
 MF = 21
 FE_TK = 1.5
 IEXCIT = 5
 IZSTRP = 2*1
 NBEAMS = 3
 NSOURC = 2
 SFRAC1 = 3*1.0 3*0.0 1.0 0.0
 EBKEV = 80.9031 75.2242 74.6503 5*80.0
 BPTOR = 2074790.0 978156.0 977325.0 5*0.0
 ANGLEH = 5*19.5 2*-19.5 19.5
 FBCUR = 0.790781 0.156001 0.0532181 0.781343 0.154164 0.0644932 0.780111 
 0.153993 0.0658958 0.789614 0.155691 0.0546949 0.789614 0.155691 0.0546949 
 0.789614 0.155691 0.0546949 0.789614 0.155691 0.0546949 0.789614 0.155691 
 0.0546949
 ANGRCPLE = 1.0
 IRFPLT = 0
 IMAXBEAMCONVG = 20
 HDEPSMTH = 25
 ICALC_CXFACTOR = 0
 TORAY_VERSION = 1.8
 TORAY_PATH = '/home/prater/bin/toray1.8_noclob'
 RFON = 6*-1.0
 RFTIME = 6*-1.0
 IRFCUR = 6*1
 FREQ = 6*110000000000.0
 WRFO = 6*0.0
 GAFSEP = 1e-06
 HLWEC = 6*1.7
 RATWEC = 6*1.0
 RFMODE = 6*'ech'
 RFPOW = 6*0.0
 THETEC = 6*0.0
 PHAIEC = 6*0.0
 XEC = 6*0.0
 ZEC = 6*0.0
 NRAY = 6*30
 IDAMP = 6*8
 QRADR = 0.0 0.02 0.04 0.06 0.08 0.1 0.12 0.14 0.16 0.18 0.2 0.22 0.24 0.26 
 0.28 0.3 0.32 0.34 0.36 0.38 0.4 0.42 0.44 0.46 0.48 0.5 0.52 0.54 0.56 0.58 
 0.6 0.62 0.64 0.66 0.68 0.7000000000000001 0.72 0.74 0.76 0.78 0.8 
 0.8200000000000001 0.84 0.86 0.88 0.9 0.92 0.9400000000000001 0.96 0.98 1.0
 NQRAD = 51
 QRADIN = 0.052011679857969284 0.05174678563479579 0.05147231368407723 
 0.051029469779568966 0.05043720447757364 0.04970937973438434 
 0.048860460394637734 0.0479010194797697 0.04684610272280453 
 0.045705594524196654 0.044492546657590684 0.043217144828136475 
 0.04189053141400321 0.04052333094895523 0.03912585236927776 
 0.03770826094154054 0.03628069856330475 0.03485325750335268 
 0.03343581880223653 0.03203868833166336 0.030671900508171566 
 0.029345947404016286 0.02807129718607756 0.026858801538944793 
 0.02571990469407375 0.024665363140530694 0.023707886320997955 
 0.022859408465434147 0.022133326236280913 0.021543118702657866 
 0.02110312927142881 0.02082836819643324 0.020734826140588008 
 0.020839528907564492 0.02115977170169834 0.021715118062027198 
 0.022525545814905026 0.02361267191629004 0.02499885748376123 
 0.02670905089500423 0.028769141661500002 0.031207115437901303 
 0.034052353784907716 0.03733717408915581 0.04109532857215562 
 0.045363562089259804 0.0499215087813952 0.05351554997817343 
 0.05462618733593811 0.05172159915223077 0.043251503434291294
 ANGLEV = 0.0 0.526405 2*0.0 -0.00119126 3*0.0
 RPIVOT = 8*286.56
 ZPIVOT = 0.0 -5.27183 2*0.0 0.137138 3*0.0
 BLENP(3) = 0.0
 BLENP(4) = 0.0
 /
 &NAMELIS3
 IFIXSHAP = 1
 XDIM = 170.0
 YDIM = 320.0
 REDGE = 84.0
 EQDSKIN = 'g144981.03200'
 IRGUESS = -99
 ITORFLUSE = 1
 ITERDB = 1
 NLIMITER = -1
 create_gcnmp_input = .True.
 write_ITERDB_txt = .False.
 ieqdsk = -1
 /
