28-May-13  05/13/2013
 153102               1
   2400
*2400.000             1               0 SNB   3   1 CLC     0    0
  0.118520231E+02 0.169550003E+03-0.188015354E+01 0.110626763E+07
  0.109928175E+07 0.172833878E+03-0.119272604E+02 0.561300888E+02
  0.180966949E+01 0.352242321E+00 0.790975869E+00 0.174230540E+08
  0.172051315E+03-0.437668800E+01 0.541663599E+01 0.152088785E+01
  0.703148841E+00 0.788177311E+00 0.151038017E+02 0.754619837E+01
  0.381532326E+02 0.134824972E+02 0.419922352E+01-0.687362194E+00
  0.195332241E+03 0.143188941E+03 0.106989276E+03
  0.361561335E+14 0.368098579E+14 0.330511492E+14
  0.112159133E+03
  0.409893728E+14
  0.326949382E+01 0.271260887E+00 0.211575007E+01 0.110635257E+01
  0.723237157E+00 0.731170845E+01-0.500000000E+02-0.500000000E+02
 -0.500000000E+02-0.647214110E-03 0.166859590E+05 0.538018563E+06
  0.581657747E-03 0.139123940E+01 0.130613482E+01-0.121643869E-01
  0.144415426E+01 0.163945297E+03 0.000000000E+00 0.000000000E+00
  0.128436340E+03-0.113504173E+03 0.115303276E+03 0.106481705E+03
  0.854331112E+01-0.500000000E+02-0.182765317E+01-0.179967058E+01
  0.100000000E+03 0.353368607E+02 0.474075241E+02 0.754619837E+01
  0.177132431E+03-0.265540361E+01 0.225089252E+00 0.140813453E+04
  0.647851229E+00 0.140128100E+01 0.495707250E+06-0.137074166E-04
  0.347571459E+00 0.129739490E+04 0.102133262E+01 0.100000010E+02
    44   76   18    6
 -0.119959183E+00-0.104195312E+00-0.557783469E-01-0.777933653E-02
 -0.184707847E-01-0.239456445E+00-0.243197083E+00-0.311608445E-01
 -0.139974684E+00-0.122224659E+00-0.112732790E+00-0.754745752E-01
  0.202284708E-02 0.470229760E-01-0.197901383E+00-0.318543762E+00
  0.460637845E-01-0.102622479E+00-0.108169846E+00-0.102090478E+00
 -0.739722178E-01-0.276255831E-01-0.171439890E-01-0.247266051E-01
 -0.125916854E+00-0.223258525E+00-0.204134613E+00-0.272165120E+00
 -0.213865206E+00-0.106413297E+00-0.877207517E-01-0.325013735E-01
  0.163463708E-01 0.398390889E-01-0.125133872E+00-0.283481330E+00
 -0.254728138E+00-0.236603662E+00-0.183759421E+00-0.668672044E-03
 -0.592023619E-01-0.852968731E-02-0.480346978E-01-0.908187553E-01
  0.420176715E+00 0.410567552E+00 0.318696111E+00 0.102470793E+00
 -0.747031867E-01-0.348644331E-01 0.114675437E-02 0.801508650E-01
  0.123063609E+00 0.170898721E+00 0.230967998E+00 0.220276594E+00
  0.301689535E+00 0.289873481E+00 0.247866616E+00 0.422129810E+00
  0.359844834E+00 0.224703521E+00 0.127546480E-01-0.115239687E+00
 -0.101118647E+00 0.986154844E-02 0.858845785E-01 0.142769754E+00
  0.278856158E+00 0.312087506E+00 0.264241189E+00 0.284724832E+00
  0.261941969E+00-0.317128259E-02 0.347764455E-01 0.969970971E-01
  0.124319062E+00 0.132269278E+00 0.179949552E+00 0.225639880E+00
  0.220655561E+00 0.247682258E+00 0.289526105E+00 0.245214298E+00
  0.263206184E+00 0.259721279E+00 0.264083624E+00 0.303450495E+00
  0.274374366E+00 0.142931283E+00 0.849976093E-01 0.171051193E-01
 -0.987684876E-01-0.112465061E+00 0.118596936E-01 0.226870552E+00
  0.360282481E+00 0.421961695E+00 0.419820577E+00 0.410166383E+00
  0.320619494E+00 0.113297291E+00-0.785934255E-01-0.355334617E-01
  0.111650817E+00 0.120801352E+00 0.117379554E+00 0.103460692E+00
 -0.175067019E-01 0.183041106E-03-0.992765948E-01-0.125864580E+00
 -0.516727790E-01-0.849491825E-02 0.377403908E-01-0.314557329E-01
 -0.526887923E-01 0.477259345E-01 0.718365684E-01 0.799635425E-01
 -0.146285656E+06-0.125900516E+06-0.138558189E+04 0.162752562E+06
  0.640847187E+05-0.189023312E+06-0.150174078E+06 0.651763242E+05
 -0.825749766E+05-0.150109359E+06-0.137435547E+06-0.836055391E+05
  0.133265000E+06 0.169002344E+06-0.120845750E+06-0.268660094E+06
  0.139653016E+06-0.646634922E+05
 -0.118598799E+05-0.114579482E+05-0.117547031E+05-0.115492002E+05
 -0.117953623E+05-0.115609111E+05
  0.000000000E+00 0.101599991E+03-0.118386803E+03 0.135242813E+03
 -0.136300003E+03 0.268712312E+00 0.000000000E+00 0.399062482E-01
  0.000000000E+00 0.000000000E+00 0.710094604E+02 0.000000000E+00
  0.648341536E+00 0.175816298E+01-0.358985663E+01-0.318296731E+00
 -0.548879325E+00 0.000000000E+00 0.999000000E+03 0.201341558E+01
  0.134327602E+02 0.130613482E+01 0.747430754E+01 0.180694721E-01
  0.406509876E+01 0.621016073E+01 0.392539597E+01 0.000000000E+00
  0.458765685E+00 0.489760845E+00 0.116742468E+01 0.228862929E+01
  0.524330788E+02 0.271392035E+01 0.105867891E+02 0.144553003E+02
 -0.890000000E+02-0.890000000E+02-0.108306513E+02-0.890000000E+02
  0.140696526E+01 0.114736915E+03 0.117162415E+03 0.101599991E+03
 -0.118386803E+03-0.890000000E+02-0.890000000E+02 0.135242813E+03
 -0.136300003E+03 0.321442875E+06 0.211972252E+00 0.480323702E+00
  0.153461731E+03 0.169000000E+03 0.000000000E+00 0.612753510E+00
  0.000000000E+00-0.330910945E+01 0.000000000E+00 0.000000000E+00
