  EFITD    05/13/2013    #153102  2400ms  EFIT02   0  65  65
 0.170000005E+01 0.320000005E+01 0.169550002E+01 0.839999974E+00 0.000000000E+00
 0.177132428E+01-0.265540351E-01-0.225089252E+00 0.647214110E-03-0.188015354E+01
 0.109928175E+07-0.225089252E+00 0.000000000E+00 0.177132428E+01 0.000000000E+00
-0.265540351E-01 0.000000000E+00 0.647214110E-03 0.000000000E+00 0.000000000E+00
-0.323736644E+01-0.323784137E+01-0.323801351E+01-0.323792553E+01-0.323761415E+01
-0.323711085E+01-0.323644209E+01-0.323563147E+01-0.323469877E+01-0.323366094E+01
-0.323253322E+01-0.323132825E+01-0.323005748E+01-0.322873116E+01-0.322735786E+01
-0.322594595E+01-0.322450256E+01-0.322303462E+01-0.322154903E+01-0.322005200E+01
-0.321854997E+01-0.321704888E+01-0.321555424E+01-0.321407080E+01-0.321260238E+01
-0.321115232E+01-0.320972371E+01-0.320831895E+01-0.320694017E+01-0.320558953E+01
-0.320426869E+01-0.320297909E+01-0.320172191E+01-0.320049834E+01-0.319930959E+01
-0.319815660E+01-0.319704008E+01-0.319596100E+01-0.319492054E+01-0.319391918E+01
-0.319295788E+01-0.319203782E+01-0.319115949E+01-0.319032431E+01-0.318953323E+01
-0.318878794E+01-0.318808961E+01-0.318743992E+01-0.318684077E+01-0.318629479E+01
-0.318580413E+01-0.318537164E+01-0.318500137E+01-0.318469667E+01-0.318446279E+01
-0.318430471E+01-0.318422914E+01-0.318424320E+01-0.318435597E+01-0.318457699E+01
-0.318491864E+01-0.318539405E+01-0.318601990E+01-0.318681455E+01-0.318780017E+01
 0.558979531E+05 0.528617695E+05 0.500735742E+05 0.475143359E+05 0.451664375E+05
 0.430135742E+05 0.410406406E+05 0.392336523E+05 0.375796484E+05 0.360666289E+05
 0.346834648E+05 0.334198359E+05 0.322661660E+05 0.312135742E+05 0.302538086E+05
 0.293792012E+05 0.285826211E+05 0.278574316E+05 0.271974453E+05 0.265968906E+05
 0.260503769E+05 0.255528574E+05 0.250996035E+05 0.246861738E+05 0.243083809E+05
 0.239622812E+05 0.236441309E+05 0.233503789E+05 0.230776386E+05 0.228226719E+05
 0.225823555E+05 0.223536836E+05 0.221337304E+05 0.219196445E+05 0.217086230E+05
 0.214978985E+05 0.212847246E+05 0.210663555E+05 0.208400293E+05 0.206029512E+05
 0.203522793E+05 0.200851015E+05 0.197984277E+05 0.194891602E+05 0.191540800E+05
 0.187898281E+05 0.183928828E+05 0.179595430E+05 0.174858965E+05 0.169678047E+05
 0.164008750E+05 0.157804267E+05 0.151014765E+05 0.143586963E+05 0.135463858E+05
 0.126584346E+05 0.116882910E+05 0.106289131E+05 0.947273436E+04 0.821161037E+04
 0.683677490E+04 0.533878271E+04 0.370745239E+04 0.193180603E+04 0.000000000E+00
 0.585571586E+00 0.286443173E+00 0.295864549E-01-0.191049157E+00-0.380628199E+00
-0.543555378E+00-0.683583500E+00-0.803905069E+00-0.907230496E+00-0.995854555E+00
-0.107171214E+01-0.113642597E+01-0.119134617E+01-0.123758316E+01-0.127603507E+01
-0.130740953E+01-0.133224082E+01-0.135090351E+01-0.136362112E+01-0.137047160E+01
-0.137148237E+01-0.136722672E+01-0.135845685E+01-0.134581637E+01-0.132985389E+01
-0.131103718E+01-0.128976381E+01-0.126637137E+01-0.124114561E+01-0.121432746E+01
-0.118611896E+01-0.115668786E+01-0.112617230E+01-0.109468377E+01-0.106230986E+01
-0.102911687E+01-0.995150506E+00-0.960437953E+00-0.924988091E+00-0.888791681E+00
-0.851821244E+00-0.814030290E+00-0.775352418E+00-0.735699415E+00-0.694959224E+00
-0.652993261E+00-0.609632850E+00-0.564675331E+00-0.517878831E+00-0.468956501E+00
-0.417569668E+00-0.363319158E+00-0.305735826E+00-0.244269030E+00-0.178273054E+00
-0.106991410E+00-0.295383101E-01 0.551230214E-01 0.148205698E+00 0.251128824E+00
 0.365552308E+00 0.493417353E+00 0.636993943E+00 0.798936548E+00 0.982348857E+00
-0.897363437E+06-0.824252750E+06-0.756745938E+06-0.694426250E+06-0.636908438E+06
-0.583836500E+06-0.534881750E+06-0.489740531E+06-0.448132562E+06-0.409799063E+06
-0.374501282E+06-0.342019032E+06-0.312149250E+06-0.284704907E+06-0.259513704E+06
-0.236417156E+06-0.215269562E+06-0.195937109E+06-0.178297063E+06-0.162237062E+06
-0.147654344E+06-0.134455204E+06-0.122554367E+06-0.111874492E+06-0.102345703E+06
-0.939051411E+05-0.864965864E+05-0.800701489E+05-0.745818989E+05-0.699936641E+05
-0.662727659E+05-0.633918047E+05-0.613285271E+05-0.600656642E+05-0.595908397E+05
-0.598964882E+05-0.609798044E+05-0.628427383E+05-0.654920039E+05-0.689391093E+05
-0.732004453E+05-0.782973516E+05-0.842563047E+05-0.911090078E+05-0.988926641E+05
-0.107650117E+06-0.117430195E+06-0.128287945E+06-0.140285000E+06-0.153489969E+06
-0.167978812E+06-0.183835359E+06-0.201151734E+06-0.220029062E+06-0.240577922E+06
-0.262919125E+06-0.287184469E+06-0.313517438E+06-0.342074188E+06-0.373024437E+06
-0.406552500E+06-0.442858438E+06-0.482159343E+06-0.524690501E+06-0.570707063E+06
 1.286731663e-02 5.937405862e-03-1.521596831e-03-9.517353043e-03-1.796318404e-02
-2.667263524e-02-3.537872061e-02-4.377538709e-02-4.904780535e-02-4.831277209e-02
-4.788896440e-02-5.049940573e-02-5.425969508e-02-5.579815061e-02-5.560715127e-02
-5.384411287e-02-5.048479143e-02-4.539648443e-02-3.829121961e-02-2.861269935e-02
-1.532610228e-02-1.568241540e-03 1.028397586e-02 2.110245077e-02 3.139968961e-02
 4.152057317e-02 5.174680796e-02 6.236007813e-02 7.369934023e-02 8.616185188e-02
 9.739247711e-02 1.066287979e-01 1.141329780e-01 1.197667494e-01 1.234463900e-01
 1.249049157e-01 1.250622570e-01 1.263857484e-01 1.285105348e-01 1.312151849e-01
 1.343662888e-01 1.378798932e-01 1.416978240e-01 1.457739324e-01 1.500669270e-01
 1.545370966e-01 1.591446996e-01 1.638492048e-01 1.686089188e-01 1.733808220e-01
 1.781207025e-01 1.827835291e-01 1.873240918e-01 1.916979701e-01 1.958626211e-01
 1.997786760e-01 2.034112960e-01 2.067313492e-01 2.097164244e-01 2.123515159e-01
 2.146293223e-01 2.165500223e-01 2.181207836e-01 2.193549276e-01 2.202706635e-01
 7.415930770e-03-7.353332476e-04-9.726123913e-03-1.968980581e-02-3.062208183e-02
-4.228499905e-02-5.258499085e-02-5.850382148e-02-5.944384635e-02-5.527555569e-02
-5.191265793e-02-5.100914463e-02-5.109934509e-02-5.062296611e-02-4.920130967e-02
-4.668053611e-02-4.292608424e-02-3.778067230e-02-3.105042687e-02-2.251808159e-02
-1.212340125e-02-1.084051240e-03 9.499058113e-03 1.966857909e-02 2.961424549e-02
 3.953800350e-02 4.964929073e-02 6.018665806e-02 7.145997138e-02 8.383122830e-02
 9.504392742e-02 1.043156460e-01 1.118795797e-01 1.176834255e-01 1.216139644e-01
 1.233818531e-01 1.239847094e-01 1.257651001e-01 1.283843666e-01 1.316239238e-01
 1.353482753e-01 1.394679100e-01 1.439190209e-01 1.486515254e-01 1.536220461e-01
 1.587895006e-01 1.641125083e-01 1.695477813e-01 1.750492006e-01 1.805672944e-01
 1.860492677e-01 1.914394349e-01 1.966801584e-01 2.017132938e-01 2.064820528e-01
 2.109332532e-01 2.150196582e-01 2.187021226e-01 2.219515145e-01 2.247498631e-01
 2.270908057e-01 2.289793044e-01 2.304305136e-01 2.314681113e-01 2.321222872e-01
 3.491397743e-03-5.347918705e-03-1.533204129e-02-2.701427041e-02-4.062258826e-02
-5.099637433e-02-5.695009232e-02-5.830317737e-02-5.491900444e-02-5.066043140e-02
-4.726964238e-02-4.475526142e-02-4.270164670e-02-4.063381997e-02-3.817934541e-02
-3.508462381e-02-3.117614055e-02-2.633328551e-02-2.048726942e-02-1.364899430e-02
-5.957027432e-03 2.321946871e-03 1.091594060e-02 1.966756395e-02 2.853413482e-02
 3.754176572e-02 4.675024751e-02 5.622972547e-02 6.602971257e-02 7.602725922e-02
 8.547221124e-02 9.386650471e-02 1.011241078e-01 1.072114259e-01 1.121063456e-01
 1.158604548e-01 1.190505698e-01 1.224835142e-01 1.263171583e-01 1.305508912e-01
 1.351586878e-01 1.401099562e-01 1.453740597e-01 1.509205252e-01 1.567178667e-01
 1.627321839e-01 1.689257175e-01 1.752555668e-01 1.816726923e-01 1.881212145e-01
 1.945381612e-01 2.008537948e-01 2.069929242e-01 2.128769010e-01 2.184267938e-01
 2.235672474e-01 2.282307148e-01 2.323617339e-01 2.359203548e-01 2.388844490e-01
 2.412505001e-01 2.430326641e-01 2.442606241e-01 2.449761331e-01 2.452293486e-01
 1.420954577e-03-7.163403527e-03-1.657741515e-02-2.726848236e-02-3.886826708e-02
-4.556166755e-02-4.671140387e-02-4.532620682e-02-4.337233304e-02-4.115543884e-02
-3.889311847e-02-3.666540235e-02-3.441925344e-02-3.202244639e-02-2.932105772e-02
-2.617539276e-02-2.247563748e-02-1.814808136e-02-1.316005088e-02-7.525134803e-03
-1.303629862e-03 5.409843288e-03 1.251192206e-02 1.991579492e-02 2.756228857e-02
 3.541558606e-02 4.344940561e-02 5.162684247e-02 5.987352879e-02 6.805144996e-02
 7.596906276e-02 8.344756813e-02 9.037426858e-02 9.670845421e-02 1.024799347e-01
 1.078004688e-01 1.128626615e-01 1.178813577e-01 1.230195910e-01 1.283732355e-01
 1.339912117e-01 1.398948133e-01 1.460889876e-01 1.525679975e-01 1.593178213e-01
 1.663167924e-01 1.735351235e-01 1.809338480e-01 1.884635091e-01 1.960626691e-01
 2.036568671e-01 2.111582011e-01 2.184661776e-01 2.254705578e-01 2.320561558e-01
 2.381097972e-01 2.435286045e-01 2.482282668e-01 2.521501779e-01 2.552660703e-01
 2.575792373e-01 2.591224015e-01 2.599526643e-01 2.601444721e-01 2.597820461e-01
 3.448656353e-04-7.286224994e-03-1.466725208e-02-2.196714468e-02-2.856033297e-02
-3.149012104e-02-3.278219701e-02-3.298113496e-02-3.243803608e-02-3.139357269e-02
-3.000549783e-02-2.835806458e-02-2.647237667e-02-2.432329768e-02-2.185961421e-02
-1.902219094e-02-1.575746760e-02-1.202641800e-02-7.809953793e-03-3.111200611e-03
 2.045722678e-03 7.620699253e-03 1.356520317e-02 1.982969974e-02 2.636796421e-02
 3.313701227e-02 4.009310155e-02 4.718546197e-02 5.435053632e-02 6.151085719e-02
 6.858245283e-02 7.548974456e-02 8.218091728e-02 8.863803001e-02 9.488108753e-02
 1.009666845e-01 1.069792360e-01 1.130148023e-01 1.191636622e-01 1.254994720e-01
 1.320766360e-01 1.389323324e-01 1.460897922e-01 1.535608769e-01 1.613475531e-01
 1.694421023e-01 1.778264791e-01 1.864704490e-01 1.953291595e-01 2.043397576e-01
 2.134179175e-01 2.224545777e-01 2.313145101e-01 2.398381681e-01 2.478486746e-01
 2.551644742e-01 2.616163492e-01 2.670654953e-01 2.714186311e-01 2.746376991e-01
 2.767423392e-01 2.778044939e-01 2.779362798e-01 2.772738635e-01 2.759612799e-01
-2.290466815e-03-9.746402502e-03-1.369884798e-02-1.663044095e-02-1.932093687e-02
-2.132125012e-02-2.254907228e-02-2.309695444e-02-2.308912577e-02-2.263511159e-02
-2.181679568e-02-2.068543990e-02-1.926357301e-02-1.755030637e-02-1.552875526e-02
-1.317394899e-02-1.045997160e-02-7.365590922e-03-3.878087722e-03 4.772125976e-06
 4.274589490e-03 8.913744270e-03 1.389777659e-02 1.919788311e-02 2.478269672e-02
 3.061890414e-02 3.667081519e-02 4.289953037e-02 4.926277326e-02 5.571633953e-02
 6.221780182e-02 6.873187422e-02 7.523598523e-02 8.172455431e-02 8.821089564e-02
 9.472618998e-02 1.013157219e-01 1.080330238e-01 1.149336323e-01 1.220699623e-01
 1.294882596e-01 1.372273564e-01 1.453185082e-01 1.537856609e-01 1.626454443e-01
 1.719066202e-01 1.815685332e-01 1.916185468e-01 2.020276636e-01 2.127444893e-01
 2.236867696e-01 2.347311229e-01 2.457024902e-01 2.563678324e-01 2.664412856e-01
 2.756079137e-01 2.835639715e-01 2.900601626e-01 2.949346901e-01 2.981326579e-01
 2.997123300e-01 2.998338937e-01 2.987286747e-01 2.966568469e-01 2.938696742e-01
-2.858612912e-03-1.001581829e-02-1.214010733e-02-1.264784021e-02-1.342387313e-02
-1.420230325e-02-1.481118615e-02-1.516997161e-02-1.525394710e-02-1.506483092e-02
-1.461219974e-02-1.390340739e-02-1.293908153e-02-1.171221494e-02-1.020947192e-02
-8.413675270e-03-6.306672934e-03-3.872051821e-03-1.097354019e-03 2.024399364e-03
 5.494007870e-03 9.306184045e-03 1.345025745e-02 1.791118829e-02 2.267051485e-02
 2.770708877e-02 3.299762684e-02 3.851729630e-02 4.424062742e-02 5.014295502e-02
 5.620247127e-02 6.240266564e-02 6.873472779e-02 7.519938795e-02 8.180772512e-02
 8.858086915e-02 9.554853293e-02 1.027467027e-01 1.102151349e-01 1.179949865e-01
 1.261270642e-01 1.346507370e-01 1.436033696e-01 1.530200988e-01 1.629335731e-01
 1.733734309e-01 1.843650639e-01 1.959272027e-01 2.080675066e-01 2.207746953e-01
 2.340055108e-01 2.476630211e-01 2.615635097e-01 2.753925622e-01 2.886689305e-01
 3.007766604e-01 3.111043573e-01 3.191783726e-01 3.247070014e-01 3.275954128e-01
 3.279749452e-01 3.262191415e-01 3.228600323e-01 3.184284866e-01 3.133586943e-01
-4.504273966e-04-7.189366981e-03-8.338196210e-03-7.882474914e-03-7.780283231e-03
-7.885517538e-03-8.078953280e-03-8.268489488e-03-8.388737231e-03-8.394889563e-03
-8.255571098e-03-7.946846104e-03-7.448046003e-03-6.739325385e-03-5.800580635e-03
-4.611331024e-03-3.151211393e-03-1.400840556e-03 6.569938996e-04 3.035884845e-03
 5.744751528e-03 8.787376792e-03 1.216266028e-02 1.586558855e-02 1.988800244e-02
 2.421920004e-02 2.884661968e-02 3.375668822e-02 3.893579918e-02 4.437141867e-02
 5.005334319e-02 5.597506465e-02 6.213499978e-02 6.853748111e-02 7.519326360e-02
 8.211959156e-02 8.933969586e-02 9.688204525e-02 1.047794000e-01 1.130679100e-01
 1.217865050e-01 1.309765130e-01 1.406817287e-01 1.509487182e-01 1.618274003e-01
 1.733718067e-01 1.856406927e-01 1.986979544e-01 2.126121223e-01 2.274537683e-01
 2.432883233e-01 2.601576447e-01 2.780352533e-01 2.967205346e-01 3.156022430e-01
 3.329576551e-01 3.472606539e-01 3.578473330e-01 3.642987609e-01 3.663669527e-01
 3.640294075e-01 3.581188917e-01 3.504736424e-01 3.421124219e-01 3.336367905e-01
 4.414960269e-03-1.899489907e-03-2.725210266e-03-1.877257026e-03-1.439690954e-03
-1.319720846e-03-1.422050962e-03-1.658548106e-03-1.953808329e-03-2.246149554e-03
-2.485943987e-03-2.632902251e-03-2.653316100e-03-2.517720655e-03-2.199085167e-03
-1.671451639e-03-9.088984662e-04 1.151474426e-04 1.427632029e-03 3.052153654e-03
 5.006944295e-03 7.303510822e-03 9.946489678e-03 1.293796118e-02 1.627777703e-02
 1.996330355e-02 2.398973891e-02 2.835142612e-02 3.304276240e-02 3.805886951e-02
 4.339639099e-02 4.905438423e-02 5.503521117e-02 6.134519351e-02 6.799507138e-02
 7.500028613e-02 8.238095044e-02 9.016182274e-02 9.837216142e-02 1.070456505e-01
 1.162205488e-01 1.259400994e-01 1.362532228e-01 1.472158283e-01 1.588924974e-01
 1.713589877e-01 1.847056449e-01 1.990421713e-01 2.145041823e-01 2.312629968e-01
 2.495402544e-01 2.696322203e-01 2.919553518e-01 3.171569406e-01 3.457882702e-01
 3.715491592e-01 3.916420639e-01 4.059171975e-01 4.140482247e-01 4.152787030e-01
 4.093714058e-01 3.952345550e-01 3.797800839e-01 3.655254543e-01 3.525977433e-01
 1.139439548e-02 5.457728650e-03 4.752542831e-03 5.660151612e-03 6.049046788e-03
 6.014957558e-03 5.668902289e-03 5.110462182e-03 4.423581981e-03 3.676957946e-03
 2.926281901e-03 2.216975467e-03 1.586807048e-03 1.068205209e-03 6.903086614e-04
 4.809983075e-04 4.694669042e-04 6.905838381e-04 1.194120705e-03 2.020505723e-03
 3.201636500e-03 4.756759838e-03 6.680640377e-03 8.981119841e-03 1.166689020e-02
 1.474212672e-02 1.820511746e-02 2.205493677e-02 2.629158463e-02 3.091517274e-02
 3.592593226e-02 4.132558407e-02 4.711817949e-02 5.331060293e-02 5.991301683e-02
 6.693923476e-02 7.440694420e-02 8.233797549e-02 9.075859934e-02 9.969989213e-02
 1.091983318e-01 1.192966402e-01 1.300449968e-01 1.415027976e-01 1.537411660e-01
 1.668464244e-01 1.809251457e-01 1.961113215e-01 2.125769853e-01 2.305483073e-01
 2.503308952e-01 2.723507881e-01 2.972215414e-01 3.258426785e-01 3.594519496e-01
 3.939414322e-01 4.204193652e-01 4.387684763e-01 4.491607249e-01 4.514716864e-01
 4.445423186e-01 4.277155102e-01 4.038614034e-01 3.835618198e-01 3.664275408e-01
 2.064751650e-02 1.502549372e-02 1.457023621e-02 1.517250481e-02 1.504139324e-02
 1.440931858e-02 1.343992076e-02 1.225038337e-02 1.092607158e-02 9.531270684e-03
 8.115975186e-03 6.720200181e-03 5.376834437e-03 4.113604795e-03 2.954400843e-03
 1.919971808e-03 1.027612831e-03 2.885517024e-04-1.385725045e-04-2.001087269e-04
 1.633104694e-04 1.019298594e-03 2.219308401e-03 3.820764818e-03 5.860100006e-03
 8.352856123e-03 1.127663531e-02 1.463481129e-02 1.843595317e-02 2.268511240e-02
 2.738127860e-02 3.252600133e-02 3.812339903e-02 4.417943955e-02 5.070271343e-02
 5.770476536e-02 6.520024689e-02 7.320733368e-02 8.174820991e-02 9.084966033e-02
 1.005437672e-01 1.108688265e-01 1.218706146e-01 1.336039751e-01 1.461351663e-01
 1.595449895e-01 1.739330291e-01 1.894236803e-01 2.061743886e-01 2.243871689e-01
 2.443242818e-01 2.663290202e-01 2.908501625e-01 3.184655309e-01 3.498971165e-01
 3.857891262e-01 4.161187708e-01 4.374976158e-01 4.502428174e-01 4.544600547e-01
 4.503796994e-01 4.368291199e-01 4.135892987e-01 3.898876011e-01 3.707262576e-01
 3.418404610e-02 2.942823620e-02 2.803036758e-02 2.717368116e-02 2.566994356e-02
 2.384826727e-02 2.184079585e-02 1.971995829e-02 1.753403808e-02 1.531925054e-02
 1.310468282e-02 1.091464233e-02 8.769927561e-03 6.688620459e-03 4.686684348e-03
 2.778640279e-03 9.788228199e-04-6.954715936e-04-2.070926144e-03-3.089275910e-03
-3.701418842e-03-3.868723041e-03-3.572260757e-03-2.772909560e-03-1.408324562e-03
 6.069484371e-04 3.003731836e-03 5.863629776e-03 9.234703117e-03 1.313566419e-02
 1.753367673e-02 2.243019266e-02 2.783214486e-02 3.374195470e-02 4.016570002e-02
 4.711225256e-02 5.459203570e-02 6.261806190e-02 7.120664418e-02 8.037805556e-02
 9.015711398e-02 1.005738005e-01 1.116640717e-01 1.234708726e-01 1.360454411e-01
 1.494489610e-01 1.637546867e-01 1.790503562e-01 1.954410523e-01 2.130520642e-01
 2.320311815e-01 2.525492012e-01 2.747971117e-01 2.989797592e-01 3.253148795e-01
 3.541011512e-01 3.835535944e-01 4.043106734e-01 4.175219536e-01 4.237976372e-01
 4.228803516e-01 4.153539836e-01 4.002554714e-01 3.793998957e-01 3.624750376e-01
 5.191585796e-02 4.916454107e-02 4.483385757e-02 4.069160299e-02 3.707978132e-02
 3.369346632e-02 3.041776830e-02 2.720515804e-02 2.403630692e-02 2.090526375e-02
 1.781286484e-02 1.476339623e-02 1.176269540e-02 8.816930495e-03 5.931618158e-03
 3.110535661e-03 3.539969621e-04-2.220456037e-03-4.518829286e-03-6.470889348e-03
-8.020493202e-03-9.122427567e-03-9.739601068e-03-9.837207384e-03-9.382546865e-03
-8.351721830e-03-6.747132633e-03-4.528752033e-03-1.625916921e-03 2.069963593e-03
 6.189683925e-03 1.083781850e-02 1.605964078e-02 2.182502860e-02 2.814088947e-02
 3.501788156e-02 4.245878384e-02 5.046899243e-02 5.905691536e-02 6.823450328e-02
 7.801730931e-02 8.842449637e-02 9.947896748e-02 1.112074554e-01 1.236407086e-01
 1.368134767e-01 1.507642269e-01 1.655344367e-01 1.811665297e-01 1.977002621e-01
 2.151654661e-01 2.335692495e-01 2.528729737e-01 2.729501724e-01 2.935037911e-01
 3.138858676e-01 3.327809870e-01 3.484550417e-01 3.598740101e-01 3.667168618e-01
 3.689784109e-01 3.668822348e-01 3.610122800e-01 3.526381552e-01 3.435442149e-01
 6.534297018e-02 6.323356925e-02 5.804787949e-02 5.253046377e-02 4.753752054e-02
 4.290001839e-02 3.849946334e-02 3.425912189e-02 3.013132137e-02 2.608710901e-02
 2.210937813e-02 1.818843186e-02 1.431912839e-02 1.049894374e-02 6.726588152e-03
 3.000932076e-03-6.798088725e-04-4.172146291e-03-7.384635028e-03-1.024536043e-02
-1.269627271e-02-1.469002382e-02-1.618716119e-02-1.715368034e-02-1.755978726e-02
-1.737954652e-02-1.658960615e-02-1.516152549e-02-1.306323055e-02-1.026724001e-02
-6.772461340e-03-2.505779252e-03 2.669539310e-03 8.291443803e-03 1.448675802e-02
 2.130905167e-02 2.871614694e-02 3.670464828e-02 4.527325555e-02 5.442573876e-02
 6.416836381e-02 7.450931519e-02 8.545804022e-02 9.702470900e-02 1.092194319e-01
 1.220512167e-01 1.355262399e-01 1.496453583e-01 1.644001007e-01 1.797666549e-01
 1.956968159e-01 2.121044547e-01 2.288459242e-01 2.456927747e-01 2.622985244e-01
 2.781723141e-01 2.926975787e-01 3.052370846e-01 3.152815997e-01 3.225379587e-01
 3.269403577e-01 3.286421001e-01 3.280110955e-01 3.255970478e-01 3.220210076e-01
 7.517211141e-02 7.326282558e-02 6.806991996e-02 6.205002590e-02 5.634215844e-02
 5.089419705e-02 4.564880954e-02 4.055721684e-02 3.558160366e-02 3.069417740e-02
 2.587517722e-02 2.111085504e-02 1.639178398e-02 1.171154903e-02 7.065750644e-03
 2.451150416e-03-2.135403192e-03-6.525184945e-03-1.062522081e-02-1.436244973e-02
-1.767860541e-02-2.052624711e-02-2.286574806e-02-2.466306834e-02-2.588817294e-02
-2.651389875e-02-2.651480775e-02-2.586575413e-02-2.454180640e-02-2.251904647e-02
-1.977424139e-02-1.627730579e-02-1.200053653e-02-6.948109723e-03-1.035652458e-03
 5.908343010e-03 1.331859177e-02 2.131401932e-02 2.987331709e-02 3.900130839e-02
 4.869722202e-02 5.896046758e-02 6.978901476e-02 8.117896320e-02 9.312339126e-02
 1.056109667e-01 1.186239272e-01 1.321353316e-01 1.461053938e-01 1.604764313e-01
 1.751665473e-01 1.900615990e-01 2.050062567e-01 2.197955548e-01 2.341705710e-01
 2.478240281e-01 2.604220808e-01 2.716427148e-01 2.812206745e-01 2.889840007e-01
 2.948741615e-01 2.989495397e-01 3.013745546e-01 3.023926914e-01 3.022856116e-01
 8.328840139e-02 8.149374275e-02 7.614181939e-02 6.983025371e-02 6.367941204e-02
 5.767184122e-02 5.178578942e-02 4.599897563e-02 4.029108955e-02 3.464482728e-02
 2.904605308e-02 2.348350547e-02 1.794840769e-02 1.243415754e-02 6.936338250e-03
 1.453430013e-03-4.010818418e-03-9.266003937e-03-1.421934366e-02-1.879848726e-02
-2.294597586e-02-2.661489694e-02-2.976570840e-02-3.236405553e-02-3.437909854e-02
-3.578265755e-02-3.654850274e-02-3.665180880e-02-3.606888653e-02-3.477697072e-02
-3.275369108e-02-2.997599729e-02-2.642009966e-02-2.206002362e-02-1.685590670e-02
-1.076032874e-02-3.746994546e-03 4.353845023e-03 1.290853136e-02 2.203638479e-02
 3.170847893e-02 4.192103819e-02 5.266207083e-02 6.391723453e-02 7.566736638e-02
 8.788744359e-02 1.005448103e-01 1.135971770e-01 1.269900501e-01 1.406538039e-01
 1.545003206e-01 1.684196740e-01 1.822775006e-01 1.959139258e-01 2.091459483e-01
 2.217743695e-01 2.335962355e-01 2.444215715e-01 2.540915608e-01 2.624940276e-01
 2.695733607e-01 2.753332555e-01 2.798316180e-01 2.831693292e-01 2.854740918e-01
 9.017396718e-02 8.843015876e-02 8.292715998e-02 7.639312746e-02 6.990066174e-02
 6.344578417e-02 5.702668804e-02 5.063989015e-02 4.428032044e-02 3.794179858e-02
 3.161759673e-02 2.530088276e-02 1.898496784e-02 1.266331319e-02 6.329192809e-03
-2.522986324e-05-6.308211508e-03-1.238340886e-02-1.815199105e-02-2.354007772e-02
-2.849016522e-02-3.295537828e-02-3.689566624e-02-4.027561846e-02-4.306301105e-02
-4.522799699e-02-4.674264418e-02-4.758074510e-02-4.771771654e-02-4.713055117e-02
-4.579763117e-02-4.369835184e-02-4.081256314e-02-3.711947428e-02-3.259582444e-02
-2.721579932e-02-2.095107734e-02-1.376361679e-02-5.635187499e-03 3.615288755e-03
 1.329547166e-02 2.351704612e-02 3.423795477e-02 4.544131458e-02 5.709907040e-02
 6.917817145e-02 8.163806796e-02 9.442964197e-02 1.074939072e-01 1.207607463e-01
 1.341477931e-01 1.475594789e-01 1.608868986e-01 1.740085930e-01 1.867932379e-01
 1.991041601e-01 2.108057589e-01 2.217712253e-01 2.318903208e-01 2.410760224e-01
 2.492688596e-01 2.564383149e-01 2.625814080e-01 2.677189708e-01 2.718906402e-01
 9.609813991e-02 9.433964643e-02 8.887854965e-02 8.215368542e-02 7.534347475e-02
 6.846838447e-02 6.154856829e-02 5.459886418e-02 4.762728885e-02 4.063652459e-02
 3.362566236e-02 2.659158036e-02 1.952986050e-02 1.243532263e-02 5.302292731e-03
-1.875252463e-03-8.965995163e-03-1.583819275e-02-2.239658686e-02-2.857000755e-02
-3.430241345e-02-3.954735771e-02-4.426427929e-02-4.841632397e-02-5.196912962e-02
-5.489023778e-02-5.714890364e-02-5.871615557e-02-5.956498909e-02-5.967057499e-02
-5.901045355e-02-5.756459013e-02-5.531526358e-02-5.224675314e-02-4.834473877e-02
-4.359565676e-02-3.798559681e-02-3.149836510e-02-2.411406301e-02-1.579996198e-02
-6.542155984e-03 3.854128067e-03 1.462913025e-02 2.589258924e-02 3.758611903e-02
 4.967742786e-02 6.212083623e-02 7.486490160e-02 8.785037697e-02 1.010107249e-01
 1.142725274e-01 1.275556535e-01 1.407736242e-01 1.538343728e-01 1.666418016e-01
 1.790981144e-01 1.911065876e-01 2.025746405e-01 2.134165764e-01 2.235554904e-01
 2.329242676e-01 2.414653897e-01 2.491306216e-01 2.558808923e-01 2.616876662e-01
 1.017916203e-01 9.995664655e-02 9.443932772e-02 8.754073831e-02 8.033528177e-02
 7.297099382e-02 6.551288071e-02 5.798954518e-02 5.041356388e-02 4.278940332e-02
 3.511706370e-02 2.739400606e-02 1.961629096e-02 1.177927668e-02 3.877963667e-03
-4.090967108e-03-1.196055859e-02-1.960306804e-02-2.692784554e-02-3.386718410e-02
-4.036714883e-02-4.638177155e-02-5.186960475e-02-5.679176745e-02-6.111101061e-02
-6.479136644e-02-6.779823452e-02-7.009869070e-02-7.166190444e-02-7.245969029e-02
-7.246696952e-02-7.166220994e-02-7.002773134e-02-6.754983216e-02-6.421867013e-02
-6.002789362e-02-5.497378483e-02-4.905394092e-02-4.226526991e-02-3.460106626e-02
-2.604868822e-02-1.657883078e-02-6.179412829e-03 5.363540266e-03 1.721699909e-02
 2.948979474e-02 4.210501164e-02 5.501553044e-02 6.815939397e-02 8.147212863e-02
 9.488869458e-02 1.083433181e-01 1.217690036e-01 1.350975037e-01 1.482596397e-01
 1.611859501e-01 1.738074124e-01 1.860556304e-01 1.978625357e-01 2.091587335e-01
 2.198708653e-01 2.299178540e-01 2.392078340e-01 2.476380319e-01 2.551009953e-01
 1.091405675e-01 1.077491865e-01 1.010800526e-01 9.304302187e-02 8.506194505e-02
 7.704767586e-02 6.898350267e-02 6.086409834e-02 5.268540976e-02 4.444288835e-02
 3.613133730e-02 2.774511836e-02 1.927853747e-02 1.072636618e-02 2.084786523e-03
-6.643156084e-03-1.525927804e-02-2.364365013e-02-3.171168271e-02-3.939964624e-02
-4.665548730e-02-5.343329158e-02-5.969015880e-02-6.538454442e-02-7.047558579e-02
-7.492303847e-02-7.868753377e-02-8.173114808e-02-8.401803675e-02-8.551522344e-02
-8.619334550e-02-8.602737636e-02-8.499728144e-02-8.308848737e-02-8.029212058e-02
-7.660499215e-02-7.202915847e-02-6.657095999e-02-6.023953483e-02-5.304460600e-02
-4.499353469e-02-3.608725592e-02-2.631684764e-02-1.565089075e-02-4.072092459e-03
 8.662900902e-03 2.162188479e-02 3.492102771e-02 4.845332353e-02 6.214785577e-02
 7.594880462e-02 8.980641514e-02 1.036734730e-01 1.175041050e-01 1.312535107e-01
 1.448779851e-01 1.583346128e-01 1.715804487e-01 1.845702529e-01 1.972523183e-01
 2.095613330e-01 2.214071452e-01 2.326594740e-01 2.431323380e-01 2.525853217e-01
 1.148447469e-01 1.135753542e-01 1.065446287e-01 9.780758622e-02 8.915606883e-02
 8.053099367e-02 7.188843936e-02 6.320056319e-02 5.444862320e-02 4.561868307e-02
 3.669934350e-02 2.768058886e-02 1.855312850e-02 9.307965622e-03-6.200411008e-05
-9.495500490e-03-1.881712115e-02-2.791171336e-02-3.669917953e-02-4.511866345e-02
-5.311914906e-02-6.065405530e-02-6.767837706e-02-7.414731380e-02-8.001580831e-02
-8.523868021e-02-8.977112922e-02-9.356940536e-02-9.659169614e-02-9.879907220e-02
-1.001564711e-01-1.006336734e-01-1.002062187e-01-9.885618091e-02-9.657278656e-02
-9.335271269e-02-8.920001239e-02-8.412557840e-02-7.814602554e-02-7.128189504e-02
-6.355512887e-02-5.498566106e-02-4.558714107e-02-3.536141664e-02-2.429381569e-02
-1.233930603e-02 5.342768563e-04 1.460473241e-02 2.877612038e-02 4.304887355e-02
 5.740731209e-02 7.183010876e-02 8.629415929e-02 1.007768288e-01 1.152575016e-01
 1.297185868e-01 1.441460699e-01 1.585292369e-01 1.728592515e-01 1.871256232e-01
 2.013088167e-01 2.153657377e-01 2.291996777e-01 2.425872385e-01 2.549996376e-01
 1.192211359e-01 1.179723814e-01 1.104669124e-01 1.013920307e-01 9.233602133e-02
 8.326458932e-02 7.415077832e-02 6.497112662e-02 5.570612848e-02 4.633960126e-02
 3.685768694e-02 2.724808824e-02 1.749944313e-02 7.600902565e-03-2.456270173e-03
-1.256441137e-02-2.256016617e-02-3.233728559e-02-4.182141271e-02-5.095468464e-02
-5.968679117e-02-6.797005983e-02-7.575695965e-02-8.299901335e-02-8.964658526e-02
-9.564917538e-02-1.009560749e-01-1.055172309e-01-1.092842221e-01-1.122113988e-01
-1.142570078e-01-1.153843701e-01-1.155629754e-01-1.147695854e-01-1.129891053e-01
-1.102153137e-01-1.064511538e-01-1.017086133e-01-9.600796550e-02-8.937631548e-02
-8.184527606e-02-7.344777138e-02-6.421370805e-02-5.416437610e-02-4.330498351e-02
-3.161431849e-02-1.903197354e-02-5.428441786e-03 9.375490241e-03 2.427670731e-02
 3.926410154e-02 5.432955921e-02 6.946554780e-02 8.466718346e-02 9.993425012e-02
 1.152732521e-01 1.306993216e-01 1.462382227e-01 1.619282365e-01 1.778221130e-01
 1.939887851e-01 2.105150819e-01 2.275066227e-01 2.450729608e-01 2.625426352e-01
 1.220269427e-01 1.206901446e-01 1.132761464e-01 1.040019020e-01 9.467358884e-02
 8.527658136e-02 7.579256591e-02 6.620390713e-02 5.649462718e-02 4.665034263e-02
 3.665792942e-02 2.650509033e-02 1.618000494e-02 5.671070452e-03-5.029879045e-03
-1.577358507e-02-2.640886793e-02-3.683844210e-02-4.699349400e-02-5.681878325e-02
-6.626433133e-02-7.528102396e-02-8.381850270e-02-9.182437508e-02-9.924422207e-02
-1.060220450e-01-1.121010631e-01-1.174247265e-01-1.219378337e-01-1.255877316e-01
-1.283255965e-01-1.301076263e-01-1.308963150e-01-1.306616664e-01-1.293824017e-01
-1.270470321e-01-1.236547008e-01-1.192155033e-01-1.137503237e-01-1.072897464e-01
-9.987203032e-02-9.154012799e-02-8.233755082e-02-7.230308652e-02-6.146406756e-02
-4.982788116e-02-3.737141564e-02-2.402819133e-02-9.678217575e-03 5.861714020e-03
 2.150101401e-02 3.723211587e-02 5.305404961e-02 6.897223741e-02 8.500002324e-02
 1.011612639e-01 1.174936742e-01 1.340529174e-01 1.509181410e-01 1.681994647e-01
 1.860489994e-01 2.046783566e-01 2.243898958e-01 2.456431389e-01 2.675359547e-01
 1.241540387e-01 1.227292046e-01 1.152501703e-01 1.058386490e-01 9.632344542e-02
 8.668681978e-02 7.691098747e-02 6.698247789e-02 5.688996983e-02 4.662287608e-02
 3.617061302e-02 2.552230284e-02 1.466664019e-02 3.593975460e-03-7.703534327e-03
-1.903943717e-02-3.027518283e-02-4.132209720e-02-5.211632699e-02-6.260471794e-02
-7.273715732e-02-8.246277273e-02-9.172815830e-02-1.004768759e-01-1.086496040e-01
-1.161848530e-01-1.230198220e-01-1.290916503e-01-1.343385875e-01-1.387013942e-01
-1.421244890e-01-1.445571780e-01-1.459547877e-01-1.462799609e-01-1.455039531e-01
-1.436081231e-01-1.405852586e-01-1.364408135e-01-1.311933249e-01-1.248741299e-01
-1.175257936e-01-1.091994792e-01-9.995099157e-02-8.983578534e-02-7.890282572e-02
-6.718732417e-02-5.470213293e-02-4.142729566e-02-2.729767374e-02-1.218796428e-02
 4.101902716e-03 2.049702592e-02 3.698377684e-02 5.357044935e-02 7.027518004e-02
 8.712838590e-02 1.041767001e-01 1.214880049e-01 1.391581297e-01 1.573199481e-01
 1.761559695e-01 1.959148645e-01 2.169299275e-01 2.396301478e-01 2.635415494e-01
 1.259271055e-01 1.244435757e-01 1.165050641e-01 1.070621460e-01 9.746194628e-02
 8.765849473e-02 7.764624058e-02 6.742542236e-02 5.699432269e-02 4.634827003e-02
 3.548004851e-02 2.438056286e-02 1.303953023e-02 1.448456329e-03-1.039365680e-02
-2.227289233e-02-3.406383842e-02-4.568584262e-02-5.707923323e-02-6.819225104e-02
-7.897419481e-02-8.937209102e-02-9.932928534e-02-1.087851599e-01-1.176755130e-01
-1.259333789e-01-1.334902346e-01-1.402773410e-01-1.462272406e-01-1.512751430e-01
-1.553599536e-01-1.584251225e-01-1.604195833e-01-1.612986624e-01-1.610255390e-01
-1.595731229e-01-1.569259614e-01-1.530821472e-01-1.480548680e-01-1.418731362e-01
-1.345810741e-01-1.262358725e-01-1.169041991e-01-1.066570580e-01-9.556369483e-02
-8.368463069e-02-7.106378675e-02-5.771927535e-02-4.363213107e-02-2.873197757e-02
-1.287929900e-02 4.152562005e-03 2.127097733e-02 3.846136108e-02 5.573689938e-02
 7.312163710e-02 9.065469354e-02 1.083943695e-01 1.264232099e-01 1.448549479e-01
 1.638449281e-01 1.836064160e-01 2.044365257e-01 2.267548144e-01 2.502434254e-01
 1.258498579e-01 1.238719746e-01 1.170670092e-01 1.080186516e-01 9.838691357e-02
 8.841329813e-02 7.816393673e-02 6.766226885e-02 5.691503358e-02 4.592064020e-02
 3.467258812e-02 2.316115425e-02 1.137449594e-02-6.993304851e-04-1.301785557e-02
-2.538172714e-02-3.767438975e-02-4.982069507e-02-6.176364423e-02-7.345196603e-02
-8.483380081e-02-9.585374592e-02-1.064517200e-01-1.165628359e-01-1.261179894e-01
-1.350449175e-01-1.432697773e-01-1.507189125e-01-1.573206484e-01-1.630066931e-01
-1.677127183e-01-1.713777184e-01-1.739444584e-01-1.753607243e-01-1.755811721e-01
-1.745696068e-01-1.723015606e-01-1.687668115e-01-1.639715582e-01-1.579396725e-01
-1.507129967e-01-1.423513293e-01-1.329295486e-01-1.225323975e-01-1.112478897e-01
-9.915979951e-02-8.633972705e-02-7.283848524e-02-5.867620930e-02-4.383006319e-02
-2.821843699e-02-1.168117300e-02 6.040204316e-03 2.378410287e-02 4.154421762e-02
 5.932352320e-02 7.713999600e-02 9.502637385e-02 1.130296662e-01 1.312114298e-01
 1.496489942e-01 1.684384942e-01 1.877035350e-01 2.076350451e-01 2.282255441e-01
 1.288533061e-01 1.272762418e-01 1.193699166e-01 1.094821468e-01 9.942043573e-02
 8.912332356e-02 7.857939602e-02 6.778477880e-02 5.673393978e-02 4.541853067e-02
 3.382764755e-02 2.194815132e-02 9.765285984e-03-2.734463880e-03-1.547240651e-02
-2.826373096e-02-4.100097340e-02-5.361398308e-02-6.604783979e-02-7.825132459e-02
-9.017113593e-02-1.017492861e-01-1.129221469e-01-1.236205473e-01-1.337705702e-01
-1.432950348e-01-1.521156430e-01-1.601554900e-01-1.673415452e-01-1.736045033e-01
-1.788770407e-01-1.830938011e-01-1.861921847e-01-1.881135851e-01-1.888050139e-01
-1.882212311e-01-1.863277257e-01-1.831042021e-01-1.785481572e-01-1.726776511e-01
-1.655321270e-01-1.571713835e-01-1.476735622e-01-1.371332407e-01-1.256545782e-01
-1.133425012e-01-1.002937332e-01-8.658791333e-02-7.227857411e-02-5.738285556e-02
-4.186879098e-02-2.563890442e-02-8.510651067e-03 9.799971247e-03 2.802760341e-02
 4.613213241e-02 6.411168724e-02 8.197589963e-02 9.973587096e-02 1.173976883e-01
 1.349538863e-01 1.523677260e-01 1.695404798e-01 1.862395704e-01 2.019796669e-01
 1.310416162e-01 1.295438707e-01 1.210461408e-01 1.107444390e-01 1.003144458e-01
 8.970226349e-02 7.887526600e-02 6.781005856e-02 5.648794025e-02 4.489193115e-02
 3.300525623e-02 2.081069723e-02 8.290365309e-03-4.572101388e-03-1.766759156e-02
-3.082434271e-02-4.394288731e-02-5.695728961e-02-6.981424241e-02-8.246228845e-02
-9.484655410e-02-1.069064513e-01-1.185748726e-01-1.297784895e-01-1.404388696e-01
-1.504745781e-01-1.598042697e-01-1.683504432e-01-1.760401279e-01-1.828021109e-01
-1.885662675e-01-1.932642460e-01-1.968304217e-01-1.992026865e-01-2.003230601e-01
-2.001389861e-01-1.986058354e-01-1.956913173e-01-1.913809031e-01-1.856831461e-01
-1.786327213e-01-1.702900827e-01-1.607379466e-01-1.500765830e-01-1.384209245e-01
-1.258934736e-01-1.126130074e-01-9.868421406e-02-8.418839425e-02-6.917423755e-02
-5.364738033e-02-3.755757586e-02-2.078385093e-02-3.122573253e-03 1.570031420e-02
 3.412164748e-02 5.221432819e-02 6.999967249e-02 8.747372030e-02 1.046127826e-01
 1.213694960e-01 1.376631111e-01 1.533656865e-01 1.682894081e-01 1.821887642e-01
 1.317134500e-01 1.301433742e-01 1.219003275e-01 1.114518940e-01 1.008312255e-01
 9.001987429e-02 7.899174097e-02 6.772238758e-02 5.618943277e-02 4.437195136e-02
 3.224968162e-02 1.980253492e-02 7.011817739e-03-6.142389000e-03-1.952683923e-02
-3.298034148e-02-4.640973361e-02-5.975228550e-02-7.295574991e-02-8.596821871e-02
-9.873326868e-02-1.111878231e-01-1.232615411e-01-1.348772943e-01-1.459526867e-01
-1.564030051e-01-1.661455333e-01-1.751033515e-01-1.832021624e-01-1.903683692e-01
-1.965297162e-01-2.016168088e-01-2.055640220e-01-2.083094567e-01-2.097940147e-01
-2.099608928e-01-2.087569833e-01-2.061373443e-01-2.020726651e-01-1.965577453e-01
-1.896180510e-01-1.813117117e-01-1.717259586e-01-1.609696150e-01-1.491658986e-01
-1.364489347e-01-1.229552329e-01-1.088102534e-01-9.411749244e-02-7.894864678e-02
-6.333296746e-02-4.724277928e-02-3.057170660e-02-1.309985201e-02 5.562698469e-03
 2.401616052e-02 4.212106390e-02 5.981484801e-02 7.705698161e-02 9.380566330e-02
 1.100064367e-01 1.255856902e-01 1.404473185e-01 1.544737518e-01 1.675335616e-01
 1.321548373e-01 1.305607707e-01 1.221842020e-01 1.116621643e-01 1.009605527e-01
 9.005462380e-02 7.891830055e-02 6.752697378e-02 5.585794148e-02 4.388978705e-02
 3.160161528e-02 1.897266691e-02 5.983283292e-03-7.385988734e-03-2.098518611e-02
-3.466081247e-02-4.832414538e-02-6.191461159e-02-7.538052648e-02-8.866943420e-02
-1.017234996e-01-1.144775003e-01-1.268583387e-01-1.387857050e-01-1.501740515e-01
-1.609363705e-01-1.709898859e-01-1.802571118e-01-1.886615902e-01-1.961273700e-01
-2.025809288e-01-2.079533786e-01-2.121814489e-01-2.152064592e-01-2.169715762e-01
-2.174191624e-01-2.164903581e-01-2.141290754e-01-2.102908194e-01-2.049543858e-01
-1.981326193e-01-1.898777187e-01-1.802788228e-01-1.694529504e-01-1.575337797e-01
-1.446639299e-01-1.309921741e-01-1.166604981e-01-1.017908454e-01-8.647499979e-02
-7.076561451e-02-5.466611683e-02-3.811848909e-02-2.099051886e-02-3.071986364e-03
 1.588527112e-02 3.419722618e-02 5.191381275e-02 6.904111059e-02 8.555983006e-02
 1.014325395e-01 1.166070029e-01 1.310188621e-01 1.445954591e-01 1.572616249e-01
 1.320966333e-01 1.304755658e-01 1.219202578e-01 1.114164591e-01 1.007417887e-01
 8.984474835e-02 7.869274169e-02 6.726182999e-02 5.553223564e-02 4.348548876e-02
 3.110284546e-02 1.836494732e-02 5.252755276e-03-8.252738960e-03-2.198925616e-02
-3.580829875e-02-4.962392151e-02-6.337681414e-02-7.701551916e-02-9.048711510e-02
-1.037326828e-01-1.166854426e-01-1.292702854e-01-1.414046288e-01-1.530007273e-01
-1.639702320e-01-1.742303967e-01-1.837024987e-01-1.923079193e-01-1.999688000e-01
-2.066109329e-01-2.121665627e-01-2.165754735e-01-2.197830826e-01-2.217361927e-01
-2.223783582e-01-2.216477096e-01-2.194801271e-01-2.158187181e-01-2.106280476e-01
-2.039084881e-01-1.957048327e-01-1.861056834e-01-1.752336323e-01-1.632312238e-01
-1.502493173e-01-1.364438087e-01-1.219675988e-01-1.069551483e-01-9.151135385e-02
-7.570245862e-02-5.954615400e-02-4.299838841e-02-2.593476698e-02-8.125253960e-03
 1.079572456e-02 2.910253407e-02 4.678698256e-02 6.383521854e-02 8.022441715e-02
 9.592263402e-02 1.108899042e-01 1.250803918e-01 1.384453922e-01 1.509371251e-01
 1.308753192e-01 1.291025728e-01 1.209723055e-01 1.107368767e-01 1.002606302e-01
 8.948566766e-02 7.839909197e-02 6.699584424e-02 5.526862666e-02 4.320651294e-02
 3.079526500e-02 1.801817489e-02 4.857620675e-03-8.704549633e-03-2.249941786e-02
-3.638086465e-02-5.026421693e-02-6.409072128e-02-7.780900596e-02-9.136589616e-02
-1.047019511e-01-1.177496165e-01-1.304327846e-01-1.426677257e-01-1.543655992e-01
-1.654374301e-01-1.758003533e-01-1.853746474e-01-1.940803677e-01-2.018384784e-01
-2.085743844e-01-2.142210305e-01-2.187200338e-01-2.220193595e-01-2.240682393e-01
-2.248113156e-01-2.241854966e-01-2.221224159e-01-2.185581922e-01-2.134489417e-01
-2.067871541e-01-1.986124516e-01-1.890120804e-01-1.781110764e-01-1.660567075e-01
-1.530047655e-01-1.391146034e-01-1.245441809e-01-1.094340160e-01-9.389517456e-02
-7.799994201e-02-6.177178025e-02-4.517182336e-02-2.807927689e-02-1.026481484e-02
 8.637679748e-03 2.693423256e-02 4.460215940e-02 6.161921472e-02 7.795964179e-02
 9.359282258e-02 1.084836051e-01 1.225938275e-01 1.358846724e-01 1.483194530e-01
 1.288454234e-01 1.265801043e-01 1.195176393e-01 1.100337133e-01 9.982319178e-02
 8.917585018e-02 7.816468179e-02 6.681303683e-02 5.512509125e-02 4.309526083e-02
 3.071204388e-02 1.796018890e-02 4.822889357e-03-8.717559293e-03-2.249186301e-02
-3.635401650e-02-5.021936446e-02-6.402919443e-02-7.773221287e-02-9.127535670e-02
-1.045993417e-01-1.176367551e-01-1.303116530e-01-1.425404102e-01-1.542342901e-01
-1.653042585e-01-1.756673306e-01-1.852437109e-01-1.939532906e-01-2.017168999e-01
-2.084595859e-01-2.141138911e-01-2.186209112e-01-2.219280899e-01-2.239840925e-01
-2.247330993e-01-2.241116017e-01-2.220508903e-01-2.184867859e-01-2.133751213e-01
-2.067080438e-01-1.985247880e-01-1.889121532e-01-1.779945940e-01-1.659188122e-01
-1.528399885e-01-1.389169991e-01-1.243073195e-01-1.091508791e-01-9.355822951e-02
-7.760135829e-02-6.130406634e-02-4.462914170e-02-2.745999209e-02-9.575260796e-03
 9.382206030e-03 2.771532720e-02 4.541226476e-02 6.245639545e-02 7.882385702e-02
 9.448400885e-02 1.094009877e-01 1.235359013e-01 1.368494630e-01 1.493048370e-01
 1.302080601e-01 1.284524054e-01 1.203070357e-01 1.101437062e-01 9.974697977e-02
 8.905789256e-02 7.806225118e-02 6.675424427e-02 5.512639877e-02 4.316785185e-02
 3.086444175e-02 1.819949968e-02 5.155523744e-03-8.285638862e-03-2.196095136e-02
-3.572239356e-02-4.948418587e-02-6.318717451e-02-7.678020747e-02-9.021069857e-02
-1.034201980e-01-1.163423881e-01-1.289026290e-01-1.410186887e-01-1.526030749e-01
-1.635673642e-01-1.738284081e-01-1.833071709e-01-1.919246465e-01-1.996024251e-01
-2.062653899e-01-2.118445933e-01-2.162783593e-01-2.195105404e-01-2.214864045e-01
-2.221480906e-01-2.214325219e-01-2.192744911e-01-2.156161517e-01-2.104210705e-01
-2.036885023e-01-1.954620034e-01-1.858286560e-01-1.749093831e-01-1.628449261e-01
-1.497844011e-01-1.358822435e-01-1.212894767e-01-1.061383635e-01-9.053120016e-02
-7.453140616e-02-5.815409123e-02-4.135465995e-02-2.401646040e-02-5.945556790e-03
 1.309627293e-02 3.147393092e-02 4.922541232e-02 6.634826210e-02 8.281876895e-02
 9.860049191e-02 1.136489138e-01 1.279149204e-01 1.413482427e-01 1.539011151e-01
 1.303322017e-01 1.286667288e-01 1.205066666e-01 1.101983488e-01 9.970032422e-02
 8.898160605e-02 7.801324871e-02 6.677304208e-02 5.524205041e-02 4.340223593e-02
 3.123509510e-02 1.872134022e-02 5.842084982e-03-7.421801332e-03-2.092001960e-02
-3.450022639e-02-4.807419701e-02-6.158178671e-02-7.497186962e-02-8.819266410e-02
-1.011871099e-01-1.138907745e-01-1.262313277e-01-1.381290853e-01-1.494989246e-01
-1.602537930e-01-1.703102738e-01-1.795902252e-01-1.880164891e-01-1.955122054e-01
-2.020024508e-01-2.074165046e-01-2.116889358e-01-2.147586346e-01-2.165663838e-01
-2.170523256e-01-2.161554992e-01-2.138179541e-01-2.099932879e-01-2.046583444e-01
-1.978238076e-01-1.895394474e-01-1.798917502e-01-1.689949185e-01-1.569796801e-01
-1.439859867e-01-1.301598698e-01-1.156397834e-01-1.005430669e-01-8.495530486e-02
-6.891991942e-02-5.242496730e-02-3.538336606e-02-1.760077848e-02 1.279170967e-03
 1.992246322e-02 3.817513582e-02 5.595685914e-02 7.321032137e-02 8.988120408e-02
 1.059105620e-01 1.212326140e-01 1.357756704e-01 1.494651437e-01 1.622282714e-01
 1.301892399e-01 1.286271066e-01 1.201391518e-01 1.098494902e-01 9.939792004e-02
 8.875224742e-02 7.788765432e-02 6.678038093e-02 5.540817234e-02 4.374985772e-02
 3.178467229e-02 1.949180290e-02 6.851739687e-03-6.156299743e-03-1.939995958e-02
-3.272008523e-02-4.602448271e-02-5.925121157e-02-7.234890762e-02-8.526668699e-02
-9.794924405e-02-1.103346050e-01-1.223535091e-01-1.339297146e-01-1.449814439e-01
-1.554240435e-01-1.651741564e-01-1.741536558e-01-1.822871864e-01-1.894998401e-01
-1.957175881e-01-2.008687705e-01-2.048850358e-01-2.077015042e-01-2.092559487e-01
-2.094885409e-01-2.083431780e-01-2.057719827e-01-2.017425448e-01-1.962464005e-01
-1.893054843e-01-1.809742302e-01-1.713359505e-01-1.604956240e-01-1.485726684e-01
-1.356977373e-01-1.220032722e-01-1.076098830e-01-9.261506796e-02-7.708307354e-02
-6.103431433e-02-4.443276672e-02-2.717221343e-02-9.068694904e-03 1.011125464e-02
 2.887864411e-02 4.726399112e-02 6.525029239e-02 8.279717711e-02 9.984731673e-02
 1.163271367e-01 1.321466714e-01 1.472007483e-01 1.613731683e-01 1.745444984e-01
 1.287939400e-01 1.272550076e-01 1.191965193e-01 1.090394929e-01 9.873586893e-02
 8.826247601e-02 7.759194818e-02 6.669905038e-02 5.556091294e-02 4.415628313e-02
 3.246469799e-02 2.046582474e-02 8.139218204e-03-4.533661035e-03-1.744649743e-02
-3.043040818e-02-4.338733481e-02-5.625246467e-02-6.897369769e-02-8.150091024e-02
-9.378069642e-02-1.057538763e-01-1.173546836e-01-1.285109371e-01-1.391450018e-01
-1.491757333e-01-1.585212499e-01-1.671025753e-01-1.748451293e-01-1.816759109e-01
-1.875227094e-01-1.923145056e-01-1.959826201e-01-1.984614134e-01-1.996891946e-01
-1.996094733e-01-1.981735826e-01-1.953449249e-01-1.911045015e-01-1.854560673e-01
-1.784293205e-01-1.700796634e-01-1.604848504e-01-1.497403532e-01-1.379566342e-01
-1.252516061e-01-1.117389053e-01-9.751695394e-02-8.265858144e-02-6.719976663e-02
-5.112501232e-02-3.434569016e-02-1.666563936e-02 2.275122810e-03 2.118127423e-02
 3.993703422e-02 5.848828702e-02 7.679452747e-02 9.480936822e-02 1.124701202e-01
 1.296899468e-01 1.463512481e-01 1.623014063e-01 1.773544401e-01 1.913025081e-01
 1.270261854e-01 1.255274564e-01 1.176162884e-01 1.076837406e-01 9.764575210e-02
 8.745459470e-02 7.707446816e-02 6.648048012e-02 5.565296487e-02 4.457419366e-02
 3.322675076e-02 2.159272881e-02 9.653598099e-03-2.607199116e-03-1.511620448e-02
-2.769206649e-02-4.022898526e-02-5.265811829e-02-6.492597608e-02-7.698292287e-02
-8.877738564e-02-1.002530604e-01-1.113479138e-01-1.219941080e-01-1.321187019e-01
-1.416449696e-01-1.504943222e-01-1.585886180e-01-1.658526957e-01-1.722148657e-01
-1.776052862e-01-1.819555610e-01-1.851995587e-01-1.872746795e-01-1.881234348e-01
-1.876957417e-01-1.859517693e-01-1.828655452e-01-1.784285605e-01-1.726525575e-01
-1.655706018e-01-1.572362036e-01-1.477215141e-01-1.371153891e-01-1.255166232e-01
-1.130249575e-01-9.973172844e-02-8.571068943e-02-7.100836189e-02-5.563313141e-02
-3.954186662e-02-2.262422816e-02-4.688848276e-03 1.452873459e-02 3.355419639e-02
 5.247019233e-02 7.130821796e-02 9.007338436e-02 1.087500378e-01 1.272979974e-01
 1.456422507e-01 1.636562943e-01 1.811400056e-01 1.977992058e-01 2.132489682e-01
 1.245449856e-01 1.230332330e-01 1.151260733e-01 1.056936086e-01 9.612115470e-02
 8.633759616e-02 7.633519170e-02 6.611062586e-02 5.565768853e-02 4.496699947e-02
 3.402660413e-02 2.282252721e-02 1.133932642e-02-4.379204620e-04-1.247467939e-02
-2.457572889e-02-3.662623090e-02-4.855230454e-02-6.029840183e-02-7.181496172e-02
-8.305200931e-02-9.395603837e-02-1.044687331e-01-1.145267114e-01-1.240619794e-01
-1.330028325e-01-1.412753016e-01-1.488047242e-01-1.555175334e-01-1.613426656e-01
-1.662124693e-01-1.700623483e-01-1.728309691e-01-1.744613946e-01-1.749029756e-01
-1.741135716e-01-1.720621288e-01-1.687313914e-01-1.641200632e-01-1.582443118e-01
-1.511382312e-01-1.428539753e-01-1.334591508e-01-1.230317354e-01-1.116534844e-01
-9.940225628e-02-8.634377268e-02-7.252257316e-02-5.795146526e-02-4.259830341e-02
-2.636898124e-02-9.086691789e-03 9.526107446e-03 2.826037820e-02 4.709384593e-02
 6.604150684e-02 8.512991668e-02 1.043879539e-01 1.238413155e-01 1.435056775e-01
 1.633743643e-01 1.833941787e-01 2.034142613e-01 2.230736017e-01 2.416147738e-01
 1.204872727e-01 1.186888516e-01 1.120993719e-01 1.034899652e-01 9.441162643e-02
 8.503762630e-02 7.542634009e-02 6.559807804e-02 5.555716899e-02 4.529976842e-02
 3.481733424e-02 2.409843916e-02 1.312994954e-02 1.900165371e-03-9.597267956e-03
-2.115973832e-02-3.266259658e-02-4.402582723e-02-5.519087243e-02-6.610757860e-02
-7.672714445e-02-8.699858186e-02-9.686713667e-02-1.062738151e-01-1.151555926e-01
-1.234461591e-01-1.310769022e-01-1.379781663e-01-1.440807283e-01-1.493170559e-01
-1.536225230e-01-1.569362730e-01-1.592022627e-01-1.603701562e-01-1.603968739e-01
-1.592482328e-01-1.569010764e-01-1.533450633e-01-1.485845596e-01-1.426393390e-01
-1.355443001e-01-1.273476780e-01-1.181076243e-01-1.078871936e-01-9.674827754e-02
-8.474446833e-02-7.191278039e-02-5.826377495e-02-4.376908390e-02-2.834515645e-02
-1.183293479e-02 6.022360147e-03 2.410661431e-02 4.242964837e-02 6.101222706e-02
 7.989156245e-02 9.912142155e-02 1.187721789e-01 1.389318704e-01 1.597082317e-01
 1.812318266e-01 2.036614121e-01 2.271978706e-01 2.521467209e-01 2.785019576e-01
 1.188902631e-01 1.174747050e-01 1.104874909e-01 1.016679779e-01 9.272184221e-02
 8.361925188e-02 7.435247302e-02 6.491818276e-02 5.531099069e-02 4.552252960e-02
 3.554193303e-02 2.535651068e-02 1.495222191e-02 4.316095758e-03-6.565502859e-03
-1.752447526e-02-2.842211348e-02-3.916954619e-02-4.970346765e-02-5.997199935e-02
-6.992681327e-02-7.951900360e-02-8.869709822e-02-9.740631285e-02-1.055885926e-01
-1.131830737e-01-1.201268956e-01-1.263562888e-01-1.318076849e-01-1.364190131e-01
-1.401309520e-01-1.428880989e-01-1.446401775e-01-1.453433335e-01-1.449614763e-01
-1.434677541e-01-1.408459991e-01-1.370919496e-01-1.322139501e-01-1.262328476e-01
-1.191807389e-01-1.110985205e-01-1.020321846e-01-9.202793240e-02-8.112610876e-02
-6.935394557e-02-5.671662839e-02-4.318608345e-02-2.868644148e-02-1.307579505e-02
 3.872689122e-03 2.110101286e-02 3.862133992e-02 5.646259338e-02 7.466706634e-02
 9.329440443e-02 1.124260128e-01 1.321706772e-01 1.526723057e-01 1.741214692e-01
 1.967724860e-01 2.209698557e-01 2.471897452e-01 2.761006356e-01 3.072180748e-01
 1.165149584e-01 1.152473911e-01 1.081741080e-01 9.946463259e-02 9.071488681e-02
 8.189579097e-02 7.298797370e-02 6.397398563e-02 5.483748762e-02 4.556254669e-02
 3.613336387e-02 2.653416430e-02 1.674911191e-02 6.762218647e-03-3.439555847e-03
-1.373800448e-02-2.398004940e-02-3.406681863e-02-4.392907023e-02-5.351222682e-02
-6.276772168e-02-7.164821032e-02-8.010517804e-02-8.808785680e-02-9.554301204e-02
-1.024152562e-01-1.086476966e-01-1.141827851e-01-1.189633757e-01-1.229338497e-01
-1.260413379e-01-1.282369494e-01-1.294770240e-01-1.297243685e-01-1.289495081e-01
-1.271318048e-01-1.242603809e-01-1.203346923e-01-1.153644621e-01-1.093688235e-01
-1.023745462e-01-9.441319109e-02-8.551714568e-02-7.571443915e-02-6.502225994e-02
-5.343887210e-02-4.093366490e-02-2.743492647e-02-1.281474905e-02 3.126472002e-03
 1.936533491e-02 3.590200093e-02 5.276180057e-02 6.998072568e-02 8.760843426e-02
 1.057125926e-01 1.243843437e-01 1.437456757e-01 1.639597118e-01 1.852451563e-01
 2.078969478e-01 2.323137819e-01 2.590300142e-01 2.887362540e-01 3.207180201e-01
 1.129111946e-01 1.116910056e-01 1.050128639e-01 9.654042126e-02 8.808558436e-02
 7.963382456e-02 7.115861026e-02 6.263326110e-02 5.403284730e-02 4.533476754e-02
 3.651863706e-02 2.756590213e-02 1.845937409e-02 9.182735361e-03-2.781214716e-04
-9.862627863e-03-1.940332170e-02-2.879067138e-02-3.794853759e-02-4.681868476e-02
-5.535147710e-02-6.350054590e-02-7.121984658e-02-7.846230267e-02-8.517932889e-02
-9.132087979e-02-9.683599320e-02-1.016734540e-01-1.057827249e-01-1.091149599e-01
-1.116240919e-01-1.132679731e-01-1.140095070e-01-1.138177439e-01-1.126688496e-01
-1.105468720e-01-1.074442714e-01-1.033619046e-01-9.830853344e-02-9.229949862e-02
-8.535458149e-02-7.749482988e-02-6.873816253e-02-5.909352006e-02-4.855323212e-02
-3.708327191e-02-2.461117692e-02-1.101626176e-02 3.880361313e-03 1.906198636e-02
 3.452530876e-02 5.028614403e-02 6.636724623e-02 8.280004564e-02 9.962742032e-02
 1.169070974e-01 1.347160489e-01 1.531562060e-01 1.723622531e-01 1.925128549e-01
 2.138476222e-01 2.366953641e-01 2.615281940e-01 2.890821695e-01 3.180101812e-01
 1.085696519e-01 1.074223295e-01 1.008247957e-01 9.264849129e-02 8.460261674e-02
 7.663920523e-02 6.871149692e-02 6.077835710e-02 5.280566589e-02 4.476552828e-02
 3.663495186e-02 2.839462088e-02 2.002797090e-02 1.152070893e-02 2.860922614e-03
-5.956128720e-03-1.475001874e-02-2.340160683e-02-3.182705863e-02-3.996330126e-02
-4.775854948e-02-5.516648291e-02-6.214287129e-02-6.864380835e-02-7.462492587e-02
-8.004123716e-02-8.484742047e-02-8.899834755e-02-9.244986624e-02-9.515959023e-02
-9.708789735e-02-9.819885346e-02-9.846115859e-02-9.784898910e-02-9.634266052e-02
-9.392911939e-02-9.060201795e-02-8.636146037e-02-8.121311664e-02-7.516670974e-02
-6.823364647e-02-6.042359769e-02-5.173978209e-02-4.217250645e-02-3.168986366e-02
-2.022603898e-02-7.653121844e-03 6.202297736e-03 2.031204475e-02 3.468125683e-02
 4.931714384e-02 6.422881785e-02 7.942879197e-02 9.493480626e-02 1.107716039e-01
 1.269727200e-01 1.435823440e-01 1.606570631e-01 1.782675386e-01 1.964996457e-01
 2.154543698e-01 2.352447957e-01 2.559831142e-01 2.777078450e-01 2.992869914e-01
 1.027103662e-01 1.015597954e-01 9.514889869e-02 8.745907995e-02 8.003788441e-02
 7.276244459e-02 6.554989518e-02 5.834498630e-02 5.111000316e-02 4.381789637e-02
 3.644812849e-02 2.898422258e-02 2.141223472e-02 1.371965650e-02 5.894312606e-03
-2.075445111e-03-1.006788202e-02-1.794509402e-02-2.561132795e-02-3.299625964e-02
-4.004429284e-02-4.670791329e-02-5.294372888e-02-5.871023236e-02-6.396663192e-02
-6.867240368e-02-7.278733701e-02-7.627182457e-02-7.908739892e-02-8.119741081e-02
-8.256775138e-02-8.316761252e-02-8.297013493e-02-8.195305619e-02-8.009900896e-02
-7.739567012e-02-7.383552939e-02-6.941535325e-02-6.413516402e-02-5.799661203e-02
-5.100052803e-02-4.314359277e-02-3.441378847e-02-2.478664368e-02-1.421248446e-02
-2.656691257e-03 1.014507467e-02 2.317979185e-02 3.646338359e-02 4.999749364e-02
 6.377878040e-02 7.780260596e-02 9.206503627e-02 1.065640226e-01 1.213000342e-01
 1.362762153e-01 1.514977664e-01 1.669703127e-01 1.826961488e-01 1.986673177e-01
 2.148524523e-01 2.311724126e-01 2.474539428e-01 2.633338571e-01 2.780691087e-01
 9.416324642e-02 9.269455072e-02 8.716913310e-02 8.061917868e-02 7.428749651e-02
 6.800383329e-02 6.170807780e-02 5.537162350e-02 4.897722232e-02 4.251261057e-02
 3.596801308e-02 2.933505180e-02 2.260623503e-02 1.577476227e-02 8.834676817e-03
 1.781750252e-03-5.376553629e-03-1.244679090e-02-1.932851969e-02-2.594564298e-02
-3.223831955e-02-3.815683722e-02-4.365757850e-02-4.870044441e-02-5.324736612e-02
-5.726148190e-02-6.070686501e-02-6.354854254e-02-6.575275214e-02-6.728740039e-02
-6.812255827e-02-6.823096426e-02-6.758855283e-02-6.617470831e-02-6.397229434e-02
-6.096729263e-02-5.714802817e-02-5.250442401e-02-4.702702165e-02-4.070537164e-02
-3.352518753e-02-2.546597085e-02-1.648950390e-02-6.574971136e-03 4.508886952e-03
 1.589613037e-02 2.771138774e-02 3.987075390e-02 5.232512207e-02 6.503994763e-02
 7.798688112e-02 9.114023295e-02 1.044754535e-01 1.179683283e-01 1.315943449e-01
 1.453277320e-01 1.591399312e-01 1.729966849e-01 1.868535280e-01 2.006483823e-01
 2.142904848e-01 2.276447862e-01 2.405122966e-01 2.526134849e-01 2.635953128e-01
 8.318804204e-02 8.078677204e-02 7.717916367e-02 7.272464037e-02 6.783796845e-02
 6.271249057e-02 5.742943658e-02 5.202642080e-02 4.652211814e-02 4.092584178e-02
 3.524184227e-02 2.947147751e-02 2.361435814e-02 1.766888608e-02 1.163230833e-02
 5.500105181e-03-7.336872077e-04-6.939344545e-03-1.299883149e-02-1.882454751e-02
-2.434926669e-02-2.951882780e-02-3.428770232e-02-3.861593083e-02-4.246709499e-02
-4.580703750e-02-4.860311745e-02-5.082387105e-02-5.243895574e-02-5.341928083e-02
-5.373728645e-02-5.336730924e-02-5.228593574e-02-5.047223716e-02-4.790749028e-02
-4.457386583e-02-4.045175761e-02-3.551879898e-02-2.975036203e-02-2.311959490e-02
-1.558824349e-02-7.140141450e-03 2.430325825e-03 1.233986115e-02 2.270553447e-02
 3.346997873e-02 4.460496827e-02 5.606991053e-02 6.782291831e-02 7.982292029e-02
 9.202918412e-02 1.044005081e-01 1.168943793e-01 1.294665039e-01 1.420702488e-01
 1.546560973e-01 1.671705991e-01 1.795547604e-01 1.917413623e-01 2.036512047e-01
 2.151882798e-01 2.262347341e-01 2.366476803e-01 2.462610752e-01 2.548965216e-01
 7.482393832e-02 7.224126163e-02 6.911995260e-02 6.553977725e-02 6.161183122e-02
 5.742578955e-02 5.304934832e-02 4.852778465e-02 4.389002919e-02 3.915430603e-02
 3.433214870e-02 2.943097989e-02 2.445576714e-02 1.941001417e-02 1.429634544e-02
 9.116872243e-03 3.873624140e-03-1.428420393e-03-6.630029544e-03-1.163578035e-02
-1.637287808e-02-2.078167349e-02-2.481354958e-02-2.842773123e-02-3.158866988e-02
-3.426407276e-02-3.642361985e-02-3.803814578e-02-3.907919304e-02-3.951874001e-02
-3.932916747e-02-3.848346324e-02-3.695578874e-02-3.472252934e-02-3.176343067e-02
-2.806008420e-02-2.358033695e-02-1.827759296e-02-1.210001856e-02-5.023606591e-03
 3.143418813e-03 1.166857500e-02 2.067584916e-02 3.012019025e-02 3.998280317e-02
 5.023435129e-02 6.084204093e-02 7.176809016e-02 8.297045529e-02 9.440319240e-02
 1.060164124e-01 1.177559719e-01 1.295633167e-01 1.413755268e-01 1.531257183e-01
 1.647436470e-01 1.761564165e-01 1.872891486e-01 1.980651021e-01 2.084054202e-01
 2.182283998e-01 2.274489104e-01 2.359786779e-01 2.437287270e-01 2.506143748e-01
 6.782470644e-02 6.521257013e-02 6.231548268e-02 5.918041241e-02 5.585332218e-02
 5.236392094e-02 4.874025282e-02 4.500525072e-02 4.117630796e-02 3.726629165e-02
 3.328497337e-02 2.924022079e-02 2.513895373e-02 2.098780127e-02 1.679355280e-02
 1.256346886e-02 8.305406212e-03 4.027645104e-03-2.628260991e-04-4.399368569e-03
-8.315677755e-03-1.193665716e-02-1.520921758e-02-1.809223925e-02-2.055135184e-02
-2.255584486e-02-2.407699822e-02-2.508688347e-02-2.555742857e-02-2.545958009e-02
-2.476250006e-02-2.343292905e-02-2.143533529e-02-1.873499712e-02-1.531009283e-02
-1.118982025e-02-6.323645823e-03-5.995764077e-04 6.183819383e-03 1.335544512e-02
 2.103948408e-02 2.919664234e-02 3.781493379e-02 4.687353224e-02 5.634919553e-02
 6.621444225e-02 7.643716036e-02 8.697982132e-02 9.779878707e-02 1.088435873e-01
 1.200560779e-01 1.313698590e-01 1.427099705e-01 1.539934128e-01 1.651304663e-01
 1.760272235e-01 1.865889281e-01 1.967238933e-01 2.063470781e-01 2.153831273e-01
 2.237679809e-01 2.314494550e-01 2.383868247e-01 2.445500493e-01 2.499193549e-01
 6.132534888e-02 5.870764331e-02 5.597538128e-02 5.317448082e-02 5.032448472e-02
 4.742347074e-02 4.446943849e-02 4.146111759e-02 3.839855266e-02 3.528335688e-02
 3.211880845e-02 2.890983972e-02 2.566300890e-02 2.238653226e-02 1.909038608e-02
 1.578653793e-02 1.248938312e-02 9.216529346e-03 5.990269143e-03 2.840818343e-03
-2.330742136e-04-3.017047668e-03-5.477274783e-03-7.581013255e-03-9.297722005e-03
-1.059872657e-02-1.145645601e-02-1.184352768e-02-1.173165717e-02-1.109015383e-02
-9.883682229e-03-8.068312905e-03-5.583776619e-03-2.337297206e-03 1.832212205e-03
 6.388133399e-03 1.146817766e-02 1.714762300e-02 2.344791778e-02 3.029111400e-02
 3.764914721e-02 4.549742862e-02 5.381593482e-02 6.258487702e-02 7.178298385e-02
 8.138590305e-02 9.136478602e-02 1.016847491e-01 1.123031676e-01 1.231677457e-01
 1.342144907e-01 1.453656703e-01 1.565284431e-01 1.675946266e-01 1.784426421e-01
 1.889422983e-01 1.989625990e-01 2.083813250e-01 2.170947790e-01 2.250254005e-01
 2.321260721e-01 2.383802981e-01 2.437988966e-01 2.484135479e-01 2.522688508e-01
 5.471541735e-02 5.207666007e-02 4.951168595e-02 4.705188054e-02 4.469010605e-02
 4.238852485e-02 4.011169822e-02 3.783234954e-02 3.553254528e-02 3.320265187e-02
 3.083971702e-02 2.844595723e-02 2.602762726e-02 2.359427323e-02 2.115833202e-02
 1.873506416e-02 1.634278148e-02 1.400341280e-02 1.174345703e-02 9.595365278e-03
 7.599120989e-03 5.816085715e-03 4.292898331e-03 3.068109756e-03 2.175369096e-03
 1.645220007e-03 1.506301924e-03 1.786282432e-03 2.512658451e-03 3.713481834e-03
 5.417931839e-03 7.656459224e-03 1.045960841e-02 1.385301353e-02 1.784172840e-02
 2.236557565e-02 2.741787770e-02 3.300382197e-02 3.912203013e-02 4.575758799e-02
 5.289605261e-02 6.052392350e-02 6.862860920e-02 7.719746979e-02 8.621671052e-02
 9.567003698e-02 1.055370793e-01 1.157914325e-01 1.263981014e-01 1.373102665e-01
 1.484651715e-01 1.597793400e-01 1.711433530e-01 1.824176311e-01 1.934316159e-01
 2.039899975e-01 2.138885557e-01 2.229379266e-01 2.309878767e-01 2.379444986e-01
 2.437779755e-01 2.485219240e-01 2.522644103e-01 2.551304102e-01 2.572579682e-01
 4.735947773e-02 4.464054480e-02 4.230176286e-02 4.032747078e-02 3.861902657e-02
 3.705896813e-02 3.556267920e-02 3.407764059e-02 3.257467596e-02 3.104027548e-02
 2.947129121e-02 2.787158823e-02 2.624991348e-02 2.461862750e-02 2.299298906e-02
 2.139082552e-02 1.983249375e-02 1.834105326e-02 1.694258116e-02 1.566651833e-02
 1.454587466e-02 1.361697540e-02 1.291482990e-02 1.247196738e-02 1.231843141e-02
 1.248215044e-02 1.298938875e-02 1.386516544e-02 1.513359694e-02 1.681806335e-02
 1.894111187e-02 2.152387613e-02 2.458474039e-02 2.813696674e-02 3.218548746e-02
 3.672565518e-02 4.175573960e-02 4.727629946e-02 5.328735337e-02 5.978703872e-02
 6.677295268e-02 7.424286751e-02 8.219496161e-02 9.062769265e-02 9.953925757e-02
 1.089267582e-01 1.187849939e-01 1.291045397e-01 1.398690343e-01 1.510510743e-01
 1.626061648e-01 1.744639277e-01 1.865155846e-01 1.985972226e-01 2.104713768e-01
 2.218187750e-01 2.322658896e-01 2.414591461e-01 2.491408437e-01 2.551793754e-01
 2.595681250e-01 2.624219358e-01 2.639725208e-01 2.645360827e-01 2.644366324e-01
 3.819971158e-02 3.516530246e-02 3.341259807e-02 3.250902519e-02 3.192121910e-02
 3.140443562e-02 3.086606786e-02 3.027013874e-02 2.960535696e-02 2.887302451e-02
 2.808157910e-02 2.724383955e-02 2.637546885e-02 2.549413590e-02 2.461905775e-02
 2.377078685e-02 2.297115883e-02 2.224332650e-02 2.161180785e-02 2.110247128e-02
 2.074233629e-02 2.055905388e-02 2.057990991e-02 2.083114910e-02 2.133768612e-02
 2.212305178e-02 2.320948246e-02 2.461805011e-02 2.636878009e-02 2.848066948e-02
 3.097157183e-02 3.385788204e-02 3.715403005e-02 4.087184741e-02 4.502016677e-02
 4.960533231e-02 5.463309585e-02 6.010938063e-02 6.604033709e-02 7.243239135e-02
 7.929260284e-02 8.662912250e-02 9.445150940e-02 1.027709619e-01 1.116004586e-01
 1.209546626e-01 1.308495850e-01 1.413018555e-01 1.523271203e-01 1.639371663e-01
 1.761347949e-01 1.889047027e-01 2.021974623e-01 2.158996165e-01 2.297726870e-01
 2.433196753e-01 2.556441724e-01 2.658575177e-01 2.735531926e-01 2.786219716e-01
 2.810958028e-01 2.811495960e-01 2.792200148e-01 2.761690319e-01 2.729050219e-01
 2.586904353e-02 2.155200391e-02 2.227148414e-02 2.396896295e-02 2.507733928e-02
 2.583827636e-02 2.634881995e-02 2.666326612e-02 2.682047339e-02 2.685255742e-02
 2.678819184e-02 2.665403302e-02 2.647542956e-02 2.627682872e-02 2.608204262e-02
 2.591447157e-02 2.579727770e-02 2.575351110e-02 2.580618110e-02 2.597826534e-02
 2.629259045e-02 2.677161244e-02 2.743712996e-02 2.831000836e-02 2.941004558e-02
 3.075592779e-02 3.236526620e-02 3.425468502e-02 3.643992916e-02 3.893592951e-02
 4.175685343e-02 4.491606724e-02 4.842610283e-02 5.229861662e-02 5.654448272e-02
 6.117414312e-02 6.619817020e-02 7.162772866e-02 7.747491452e-02 8.375315368e-02
 9.047755596e-02 9.766545147e-02 1.053369492e-01 1.135156676e-01 1.222295165e-01
 1.315116882e-01 1.414018423e-01 1.519474238e-01 1.632050723e-01 1.752418577e-01
 1.881359964e-01 2.019761056e-01 2.168585658e-01 2.328838408e-01 2.501630187e-01
 2.689026594e-01 2.857923508e-01 2.977432609e-01 3.055088520e-01 3.094819486e-01
 3.093189299e-01 3.053345084e-01 2.970225215e-01 2.874072790e-01 2.802645266e-01
 1.745700648e-02 1.269667595e-02 1.424550360e-02 1.716637982e-02 1.942219956e-02
 2.117409185e-02 2.254478449e-02 2.362420039e-02 2.448036520e-02 2.516721561e-02
 2.572936750e-02 2.620498464e-02 2.662761137e-02 2.702736299e-02 2.743176183e-02
 2.786632066e-02 2.835494840e-02 2.892023696e-02 2.958362176e-02 3.036548014e-02
 3.128513318e-02 3.236082193e-02 3.360963240e-02 3.504747154e-02 3.668904676e-02
 3.854794425e-02 4.063672943e-02 4.296714437e-02 4.555027558e-02 4.839679971e-02
 5.151717737e-02 5.492188783e-02 5.862159653e-02 6.262739001e-02 6.695094703e-02
 7.160484794e-02 7.660283895e-02 8.196011934e-02 8.769363913e-02 9.382241222e-02
 1.003679633e-01 1.073548794e-01 1.148115620e-01 1.227713004e-01 1.312736720e-01
 1.403665245e-01 1.501085907e-01 1.605731994e-01 1.718532890e-01 1.840683073e-01
 1.973734051e-01 2.119709850e-01 2.281233072e-01 2.461630106e-01 2.665000260e-01
 2.881142497e-01 3.048777282e-01 3.166486025e-01 3.236914277e-01 3.258053064e-01
 3.231379092e-01 3.149977922e-01 3.023035824e-01 2.914306224e-01 2.827857733e-01
 1.266031154e-02 7.755415500e-03 9.616706528e-03 1.292725747e-02 1.567842067e-02
 1.795891485e-02 1.985374653e-02 2.144201473e-02 2.279310115e-02 2.396634966e-02
 2.501221374e-02 2.597379684e-02 2.688832582e-02 2.778840440e-02 2.870296316e-02
 2.965798229e-02 3.067696838e-02 3.178128974e-02 3.299037369e-02 3.432180734e-02
 3.579143432e-02 3.741335869e-02 3.920001161e-02 4.116220027e-02 4.330923782e-02
 4.564907773e-02 4.818858205e-02 5.093379694e-02 5.389032888e-02 5.706376582e-02
 6.046010551e-02 6.408619881e-02 6.795015930e-02 7.206172493e-02 7.643252611e-02
 8.107632399e-02 8.600910008e-02 9.124919772e-02 9.681738169e-02 1.027369573e-01
 1.090340391e-01 1.157379746e-01 1.228820607e-01 1.305045932e-01 1.386504769e-01
 1.473734379e-01 1.567393094e-01 1.668307334e-01 1.777541042e-01 1.896501482e-01
 2.027104050e-01 2.172035575e-01 2.335165590e-01 2.522030175e-01 2.738299966e-01
 2.930245698e-01 3.076778054e-01 3.177888394e-01 3.232138753e-01 3.239309192e-01
 3.191624582e-01 3.085098564e-01 2.969255448e-01 2.873264551e-01 2.793296576e-01
 1.092661917e-02 6.010121659e-03 7.608845350e-03 1.097176410e-02 1.384698039e-02
 1.629454269e-02 1.839235424e-02 2.021577395e-02 2.183229663e-02 2.330000885e-02
 2.466812917e-02 2.597841620e-02 2.726669981e-02 2.856416255e-02 2.989830451e-02
 3.129356353e-02 3.277169539e-02 3.435195240e-02 3.605116901e-02 3.788377345e-02
 3.986181693e-02 4.199500380e-02 4.429073259e-02 4.675422606e-02 4.938869178e-02
 5.219556016e-02 5.517482011e-02 5.832549183e-02 6.164618206e-02 6.513579193e-02
 6.879428771e-02 7.262344661e-02 7.662762700e-02 8.081430197e-02 8.519442382e-02
 8.978257330e-02 9.459685531e-02 9.965862337e-02 1.049921885e-01 1.106244773e-01
 1.165848673e-01 1.229052320e-01 1.296202541e-01 1.367681324e-01 1.443917155e-01
 1.525401324e-01 1.612710953e-01 1.706542969e-01 1.807760746e-01 1.917465478e-01
 2.037106753e-01 2.168674469e-01 2.315075100e-01 2.481144071e-01 2.658510804e-01
 2.808135450e-01 2.923597097e-01 3.003099263e-01 3.045878410e-01 3.046163916e-01
 3.001937568e-01 2.920069397e-01 2.842662334e-01 2.773043513e-01 2.711138427e-01
 1.125822590e-02 6.279394962e-03 7.933225490e-03 1.112250985e-02 1.379676163e-02
 1.607700995e-02 1.806985774e-02 1.986190492e-02 2.152024581e-02 2.309666389e-02
 2.463212610e-02 2.616040407e-02 2.771058680e-02 2.930860035e-02 3.097797371e-02
 3.274008629e-02 3.461408618e-02 3.661664948e-02 3.876174985e-02 4.106041044e-02
 4.352061824e-02 4.614725338e-02 4.894217105e-02 5.190427974e-02 5.502973123e-02
 5.831215158e-02 6.174300985e-02 6.531219184e-02 6.900882719e-02 7.282236218e-02
 7.674393800e-02 8.076777309e-02 8.489250389e-02 8.912219107e-02 9.346688542e-02
 9.794256838e-02 1.025706455e-01 1.073769554e-01 1.123906896e-01 1.176432073e-01
 1.231671795e-01 1.289959699e-01 1.351633966e-01 1.417038590e-01 1.486526728e-01
 1.560466290e-01 1.639245898e-01 1.723279804e-01 1.813007891e-01 1.908883453e-01
 2.011331320e-01 2.120635211e-01 2.236650139e-01 2.358120084e-01 2.479533106e-01
 2.586356103e-01 2.672019005e-01 2.733750045e-01 2.769536078e-01 2.777983844e-01
 2.759414911e-01 2.724628448e-01 2.684345841e-01 2.642492354e-01 2.601343691e-01
 1.456425338e-02 9.614393115e-03 1.087378802e-02 1.338794363e-02 1.535844431e-02
 1.704630814e-02 1.860383339e-02 2.011495641e-02 2.162544800e-02 2.316211908e-02
 2.474374511e-02 2.638680486e-02 2.810812740e-02 2.992565744e-02 3.185811268e-02
 3.392405060e-02 3.614072129e-02 3.852300349e-02 4.108252378e-02 4.382711646e-02
 4.676053674e-02 4.988244546e-02 5.318853629e-02 5.667068434e-02 6.031703579e-02
 6.411208214e-02 6.803676489e-02 7.206892225e-02 7.618423553e-02 8.035791665e-02
 8.456712961e-02 8.879377693e-02 9.302724150e-02 9.726649520e-02 1.015210897e-01
 1.058108583e-01 1.101643815e-01 1.146164984e-01 1.192055643e-01 1.239707768e-01
 1.289502233e-01 1.341794729e-01 1.396910548e-01 1.455140859e-01 1.516742855e-01
 1.581937819e-01 1.650905162e-01 1.723769307e-01 1.800571680e-01 1.881220043e-01
 1.965399384e-01 2.052419484e-01 2.140969932e-01 2.228784561e-01 2.312418520e-01
 2.387738526e-01 2.451087684e-01 2.499942183e-01 2.532970607e-01 2.550122142e-01
 2.552894354e-01 2.544283271e-01 2.527806163e-01 2.506455481e-01 2.482426018e-01
 2.242238632e-02 1.812883095e-02 1.730086095e-02 1.757672987e-02 1.794374733e-02
 1.853853463e-02 1.939523406e-02 2.048376574e-02 2.176346631e-02 2.320096642e-02
 2.477485874e-02 2.647643910e-02 2.830855176e-02 3.028311580e-02 3.241780402e-02
 3.473259512e-02 3.724666311e-02 3.997593748e-02 4.293142258e-02 4.611828926e-02
 4.953571034e-02 5.317725240e-02 5.703156815e-02 6.108292562e-02 6.531126800e-02
 6.969164309e-02 7.419319449e-02 7.877843830e-02 8.340358733e-02 8.802083877e-02
 9.258294104e-02 9.704939279e-02 1.013928130e-01 1.056038067e-01 1.096932143e-01
 1.136912182e-01 1.176433712e-01 1.216044351e-01 1.256317198e-01 1.297795176e-01
 1.340955794e-01 1.386195719e-01 1.433828771e-01 1.484090537e-01 1.537142247e-01
 1.593072265e-01 1.651890278e-01 1.713513136e-01 1.777739674e-01 1.844211221e-01
 1.912356615e-01 1.981323064e-01 2.049908638e-01 2.116531133e-01 2.179293036e-01
 2.236184776e-01 2.285375744e-01 2.325479835e-01 2.355730235e-01 2.376065552e-01
 2.387126684e-01 2.390125841e-01 2.386591285e-01 2.378086448e-01 2.366012782e-01
 3.086298890e-02 2.709774299e-02 2.404686435e-02 2.152896672e-02 1.952575891e-02
 1.911346243e-02 1.945776494e-02 2.029956505e-02 2.148284578e-02 2.290654556e-02
 2.450914121e-02 2.626240627e-02 2.816573158e-02 3.023823909e-02 3.250981493e-02
 3.501313923e-02 3.777780014e-02 4.082632808e-02 4.417181015e-02 4.781674969e-02
 5.175346509e-02 5.596609785e-02 6.043353677e-02 6.513190268e-02 7.003509252e-02
 7.511275265e-02 8.032589409e-02 8.562151341e-02 9.092859177e-02 9.615916762e-02
 1.012176052e-01 1.060167774e-01 1.104947105e-01 1.146262362e-01 1.184279472e-01
 1.219565794e-01 1.252993942e-01 1.285575181e-01 1.318280101e-01 1.351920218e-01
 1.387108266e-01 1.424272358e-01 1.463688314e-01 1.505510956e-01 1.549795866e-01
 1.596511006e-01 1.645539254e-01 1.696672141e-01 1.749597043e-01 1.803877950e-01
 1.858935207e-01 1.914027184e-01 1.968246102e-01 2.020537704e-01 2.069758773e-01
 2.114770114e-01 2.154552191e-01 2.188317328e-01 2.215593904e-01 2.236268818e-01
 2.250581086e-01 2.259064466e-01 2.262454629e-01 2.261580825e-01 2.257273197e-01
 3.644548731e-02 3.253568707e-02 2.862888949e-02 2.454046160e-02 2.027317881e-02
 1.795334369e-02 1.793428323e-02 1.907322184e-02 2.052304892e-02 2.215816081e-02
 2.389142475e-02 2.569488996e-02 2.759737893e-02 2.966165357e-02 3.195962679e-02
 3.455680607e-02 3.750564530e-02 4.084286469e-02 4.458713901e-02 4.873650149e-02
 5.326794086e-02 5.814309046e-02 6.331989168e-02 6.876351684e-02 7.444968823e-02
 8.035936205e-02 8.646698299e-02 9.272276609e-02 9.902953359e-02 1.052242145e-01
 1.110941991e-01 1.164387539e-01 1.211224720e-01 1.250900775e-01 1.283693761e-01
 1.310785562e-01 1.334167868e-01 1.356077045e-01 1.378312260e-01 1.402020901e-01
 1.427838653e-01 1.456076056e-01 1.486846656e-01 1.520141214e-01 1.555864960e-01
 1.593856066e-01 1.633889824e-01 1.675677150e-01 1.718858778e-01 1.762998253e-01
 1.807576418e-01 1.851992011e-01 1.895569712e-01 1.937582046e-01 1.977284849e-01
 2.013964355e-01 2.046990842e-01 2.075869590e-01 2.100279629e-01 2.120094448e-01
 2.135379910e-01 2.146371603e-01 2.153435349e-01 2.157020867e-01 2.157614529e-01
 4.122906178e-02 3.737237306e-02 3.328039498e-02 2.874395811e-02 2.358753793e-02
 1.970872469e-02 1.764349081e-02 1.744452492e-02 1.910578086e-02 2.130271123e-02
 2.325957268e-02 2.497213149e-02 2.662055941e-02 2.841436490e-02 3.051758184e-02
 3.304214773e-02 3.606630860e-02 3.964697945e-02 4.381976275e-02 4.858523232e-02
 5.388566476e-02 5.960536745e-02 6.563083826e-02 7.190720737e-02 7.843617348e-02
 8.525246380e-02 9.240375459e-02 9.992971273e-02 1.078161747e-01 1.158271283e-01
 1.232695505e-01 1.295990497e-01 1.346359104e-01 1.383127272e-01 1.406178623e-01
 1.416810602e-01 1.420807839e-01 1.425525546e-01 1.433587819e-01 1.445469409e-01
 1.461085826e-01 1.480192691e-01 1.502503604e-01 1.527724117e-01 1.555556357e-01
 1.585694105e-01 1.617814004e-01 1.651567668e-01 1.686575115e-01 1.722418964e-01
 1.758644134e-01 1.794759929e-01 1.830248982e-01 1.864581853e-01 1.897237599e-01
 1.927728653e-01 1.955627948e-01 1.980593055e-01 2.002385407e-01 2.020880133e-01
 2.036066353e-01 2.048037350e-01 2.056973129e-01 2.063117623e-01 2.066754699e-01
 4.596167059e-02 4.250594974e-02 3.885568305e-02 3.495024889e-02 3.077803367e-02
 2.641831337e-02 2.256706729e-02 2.045352012e-02 2.025367878e-02 2.210306562e-02
 2.382762544e-02 2.462703547e-02 2.516363189e-02 2.614385077e-02 2.771618961e-02
 2.994039655e-02 3.287464756e-02 3.659309077e-02 4.119194298e-02 4.678402471e-02
 5.341349541e-02 6.049368531e-02 6.753888723e-02 7.461172345e-02 8.184478433e-02
 8.938824382e-02 9.741566332e-02 1.061470881e-01 1.158994064e-01 1.271312386e-01
 1.369667203e-01 1.444903464e-01 1.500010491e-01 1.533306539e-01 1.543941796e-01
 1.528549195e-01 1.497842968e-01 1.481677294e-01 1.475335360e-01 1.476239115e-01
 1.482806206e-01 1.493980139e-01 1.509008408e-01 1.527315974e-01 1.548428834e-01
 1.571928561e-01 1.597423554e-01 1.624531150e-01 1.652867198e-01 1.682040095e-01
 1.711648405e-01 1.741282791e-01 1.770530939e-01 1.798986793e-01 1.826261282e-01
 1.851996780e-01 1.875879615e-01 1.897653342e-01 1.917128265e-01 1.934186220e-01
 1.948781460e-01 1.960935742e-01 1.970730275e-01 1.978293657e-01 1.983789354e-01
 5.075702447e-02 4.794610291e-02 4.499080776e-02 4.186688364e-02 3.860341013e-02
 3.527975082e-02 3.200808169e-02 2.891259453e-02 2.693230844e-02 2.730832434e-02
 2.771923132e-02 2.690024117e-02 2.577759513e-02 2.583377439e-02 2.682939918e-02
 2.868384868e-02 3.141447532e-02 3.509252149e-02 3.985482824e-02 4.597029465e-02
 5.394043031e-02 6.223013622e-02 6.984418632e-02 7.722042500e-02 8.464445920e-02
 9.234405308e-02 1.005474553e-01 1.095303148e-01 1.196688712e-01 1.313848495e-01
 1.416800618e-01 1.494596005e-01 1.549926251e-01 1.581830084e-01 1.588617862e-01
 1.566372364e-01 1.528141350e-01 1.504931301e-01 1.492495388e-01 1.487827897e-01
 1.489058584e-01 1.495000571e-01 1.504846215e-01 1.517991274e-01 1.533939093e-01
 1.552253068e-01 1.572531610e-01 1.594394445e-01 1.617474556e-01 1.641412676e-01
 1.665855795e-01 1.690457016e-01 1.714878679e-01 1.738796383e-01 1.761905998e-01
 1.783929617e-01 1.804623753e-01 1.823785305e-01 1.841256619e-01 1.856928318e-01
 1.870739311e-01 1.882674992e-01 1.892761886e-01 1.901062876e-01 1.907668263e-01
 0.130613482E+01 0.131621182E+01 0.131934333E+01 0.132663775E+01 0.133655739E+01
 0.134826374E+01 0.136147916E+01 0.137808204E+01 0.139352131E+01 0.140966260E+01
 0.142830121E+01 0.144732678E+01 0.146707308E+01 0.148766756E+01 0.150944769E+01
 0.153185332E+01 0.155468023E+01 0.157832074E+01 0.160301626E+01 0.162835169E+01
 0.165421248E+01 0.168119514E+01 0.170917523E+01 0.173820984E+01 0.176815760E+01
 0.179917049E+01 0.183132923E+01 0.186473298E+01 0.189922082E+01 0.193486226E+01
 0.197173893E+01 0.200989270E+01 0.204937482E+01 0.209011054E+01 0.213221002E+01
 0.217569923E+01 0.222058654E+01 0.226704860E+01 0.231496644E+01 0.236442614E+01
 0.241545248E+01 0.246823549E+01 0.252273226E+01 0.257896423E+01 0.263711619E+01
 0.269726920E+01 0.275954843E+01 0.282378554E+01 0.289049411E+01 0.295947194E+01
 0.303118849E+01 0.310565019E+01 0.318389416E+01 0.326620197E+01 0.335349965E+01
 0.344696665E+01 0.354710579E+01 0.365570450E+01 0.377482796E+01 0.390666294E+01
 0.405862904E+01 0.424528551E+01 0.449900103E+01 0.491278172E+01 0.731170845E+01
   83   86
 0.116709280E+01-0.500000007E-01 0.116775656E+01 0.500000007E-01 0.117152023E+01
 0.150000006E+00 0.117836857E+01 0.250000000E+00 0.118531251E+01 0.322153181E+00
 0.119438851E+01 0.400000006E+00 0.120941520E+01 0.500000000E+00 0.121869230E+01
 0.550000012E+00 0.123843753E+01 0.634655297E+00 0.125932562E+01 0.699999988E+00
 0.128141046E+01 0.750000000E+00 0.131279564E+01 0.800000012E+00 0.134468746E+01
 0.834511340E+00 0.137125003E+01 0.855305493E+00 0.142437506E+01 0.881090939E+00
 0.147749996E+01 0.893125772E+00 0.153062499E+01 0.896496475E+00 0.158375001E+01
 0.893279195E+00 0.163687503E+01 0.884250224E+00 0.169000006E+01 0.869265795E+00
 0.173526227E+01 0.850000024E+00 0.176968753E+01 0.833530128E+00 0.182281256E+01
 0.803373993E+00 0.184937501E+01 0.784724712E+00 0.189422131E+01 0.750000000E+00
 0.192906249E+01 0.720570624E+00 0.195562506E+01 0.695157647E+00 0.199937761E+01
 0.649999976E+00 0.203531241E+01 0.608771443E+00 0.206187510E+01 0.573179662E+00
 0.208843756E+01 0.533725977E+00 0.211500001E+01 0.490169704E+00 0.214156246E+01
 0.442197174E+00 0.216812491E+01 0.389574796E+00 0.219468760E+01 0.332049310E+00
 0.222125006E+01 0.268596083E+00 0.224546051E+01 0.200000003E+00 0.226119995E+01
 0.150000006E+00 0.227437496E+01 0.952858403E-01 0.228862929E+01 0.000000000E+00
 0.228662133E+01-0.100000001E+00 0.227437496E+01-0.171251416E+00 0.225306296E+01
-0.250000000E+00 0.223446345E+01-0.300000012E+00 0.221309280E+01-0.349999994E+00
 0.218914390E+01-0.400000006E+00 0.216241145E+01-0.449999988E+00 0.213256526E+01
-0.500000000E+00 0.209925056E+01-0.550000012E+00 0.206199527E+01-0.600000024E+00
 0.203531241E+01-0.630799890E+00 0.200874996E+01-0.660968304E+00 0.197122109E+01
-0.699999988E+00 0.192906249E+01-0.742032170E+00 0.190250003E+01-0.767996490E+00
 0.186727345E+01-0.800000012E+00 0.182281256E+01-0.839634717E+00 0.179624999E+01
-0.862730265E+00 0.174937415E+01-0.899999976E+00 0.171656251E+01-0.924758315E+00
 0.167936778E+01-0.949999988E+00 0.163687503E+01-0.978430688E+00 0.159973347E+01
-0.100000000E+01 0.155718756E+01-0.102466595E+01 0.150406253E+01-0.104995000E+01
 0.147749996E+01-0.106380165E+01 0.142437506E+01-0.108600283E+01 0.138473904E+01
-0.110000002E+01 0.134468746E+01-0.111797047E+01 0.128436351E+01-0.113504171E+01
 0.127104175E+01-0.104999995E+01 0.126264870E+01-0.100000000E+01 0.124916983E+01
-0.899999976E+00 0.123843753E+01-0.821074128E+00 0.122928452E+01-0.750000000E+00
 0.121639991E+01-0.649999976E+00 0.121000397E+01-0.600000024E+00 0.119790518E+01
-0.500000000E+00 0.118722010E+01-0.400000006E+00 0.118245840E+01-0.349999994E+00
 0.117463565E+01-0.250000000E+00 0.116944969E+01-0.150000006E+00 0.116709280E+01
-0.500000007E-01
 0.101600003E+01 0.000000000E+00 0.101600003E+01 0.963999987E+00 0.101600003E+01
 0.967999995E+00 0.101600003E+01 0.100100005E+01 0.101600003E+01 0.101900005E+01
 0.101600003E+01 0.107700002E+01 0.101600003E+01 0.107000005E+01 0.101600003E+01
 0.109599996E+01 0.101600003E+01 0.111300004E+01 0.101600003E+01 0.113800001E+01
 0.101600003E+01 0.114699996E+01 0.101199996E+01 0.116499996E+01 0.100100005E+01
 0.121700001E+01 0.102900004E+01 0.121700001E+01 0.104200006E+01 0.116240001E+01
 0.104600000E+01 0.116237998E+01 0.105599999E+01 0.116260004E+01 0.109700000E+01
 0.116450000E+01 0.110800004E+01 0.116594005E+01 0.111600006E+01 0.116591001E+01
 0.113399994E+01 0.116895998E+01 0.114800000E+01 0.117174995E+01 0.116199994E+01
 0.117556000E+01 0.118099999E+01 0.118299997E+01 0.118200004E+01 0.118350005E+01
 0.118499994E+01 0.118499994E+01 0.119000006E+01 0.118799996E+01 0.119500005E+01
 0.119099998E+01 0.120099998E+01 0.119599998E+01 0.120899999E+01 0.120200002E+01
 0.121500003E+01 0.120799994E+01 0.122200000E+01 0.121399999E+01 0.122800004E+01
 0.122099996E+01 0.123399997E+01 0.123099995E+01 0.123899996E+01 0.123800004E+01
 0.124199998E+01 0.124399996E+01 0.124800003E+01 0.125399995E+01 0.125800002E+01
 0.127800000E+01 0.126300001E+01 0.128999996E+01 0.127999997E+01 0.133099997E+01
 0.127999997E+01 0.134700000E+01 0.127999997E+01 0.134800005E+01 0.130999994E+01
 0.134800005E+01 0.132799995E+01 0.134800005E+01 0.136099994E+01 0.134800005E+01
 0.138000000E+01 0.134800005E+01 0.141900003E+01 0.134800005E+01 0.141900003E+01
 0.130999994E+01 0.137199998E+01 0.130999994E+01 0.137199998E+01 0.129200006E+01
 0.160800004E+01 0.109500003E+01 0.164699996E+01 0.107700002E+01 0.178499997E+01
 0.107700002E+01 0.206999993E+01 0.103999996E+01 0.212800002E+01 0.992999971E+00
 0.224499989E+01 0.708999991E+00 0.232299995E+01 0.518999994E+00 0.237700009E+01
 0.388999999E+00 0.236249995E+01 0.400000006E+00 0.236443496E+01 0.222000003E+00
 0.236496902E+01 0.133000001E+00 0.236532402E+01 0.439999998E-01 0.236512089E+01
-0.439999998E-01 0.236484194E+01-0.133000001E+00 0.236433411E+01-0.222000003E+00
 0.236249995E+01-0.400000006E+00 0.237700009E+01-0.388999999E+00 0.213400006E+01
-0.972999990E+00 0.178600001E+01-0.117400002E+01 0.176800001E+01-0.121099997E+01
 0.176800001E+01-0.125000000E+01 0.168200004E+01-0.125000000E+01 0.137199998E+01
-0.125000000E+01 0.137199998E+01-0.132900000E+01 0.141999996E+01-0.132900000E+01
 0.141999996E+01-0.136300004E+01 0.127300000E+01-0.136300004E+01 0.115300000E+01
-0.136300004E+01 0.101600003E+01-0.122300005E+01 0.101600003E+01-0.122300005E+01
 0.101600003E+01-0.829999983E+00 0.101600003E+01-0.800000012E+00 0.101600003E+01
-0.414999992E+00 0.101600003E+01-0.400000006E+00 0.101600003E+01-0.100000005E-02
 0.101600003E+01 0.000000000E+00
    0 0.169550002E+01    0
 0.000000000E+00 0.932871029E-01 0.132307127E+00 0.162321821E+00 0.187741399E+00
 0.210279226E+00 0.230837956E+00 0.248612419E+00 0.266629964E+00 0.283619285E+00
 0.299938619E+00 0.315678626E+00 0.330706686E+00 0.345348030E+00 0.359665483E+00
 0.373577088E+00 0.387137443E+00 0.400490999E+00 0.413619101E+00 0.426506639E+00
 0.439235061E+00 0.451768428E+00 0.464197636E+00 0.476500154E+00 0.488682002E+00
 0.500782311E+00 0.512770236E+00 0.524752319E+00 0.536638379E+00 0.548479438E+00
 0.560313582E+00 0.572095990E+00 0.583878815E+00 0.595644712E+00 0.607416213E+00
 0.619200289E+00 0.630982280E+00 0.642805576E+00 0.654649436E+00 0.666523218E+00
 0.678430259E+00 0.690394819E+00 0.702419400E+00 0.714484096E+00 0.726611257E+00
 0.738815725E+00 0.751093388E+00 0.763445675E+00 0.775891304E+00 0.788416505E+00
 0.801055253E+00 0.813785613E+00 0.826652408E+00 0.839610755E+00 0.852720201E+00
 0.865983546E+00 0.879406452E+00 0.893006861E+00 0.906833231E+00 0.920911491E+00
 0.935308337E+00 0.950094104E+00 0.965416133E+00 0.981646717E+00 0.100000000E+01
    0

