dee    diii-d

-------------------------------------------------------
 &NAMELIS1
 RMAJOR = 0.0
 RMINOR = 60.0
 BTOR = 0.0
 TOTCUR = 1285405.38
 RIN = 84.0
 ROUT = 243.0
 ZAX = 0.0
 NJ = 201
 NPRIM = 1
 NIMP = 1
 NAMEP = 'd'
 NAMEI = 'c'
 CER_ION = 'c'
 ITENP = 0
 ITTE = 0
 ITTI = 0
 ITXJ = 0
 IANGROT = 1
 ITANGROT = 0
 TAUPIN = 0.25
 WNEO = 1.0 2*0.0 1.0 2*0.0 1.0 0.0 1.0 3*0.0 2*1.0 4*0.0 1.0 5*0.0 1.0
 WNEOT = 1.0
 JHIRSH = 112
 RESISTIVE = 'hirshman'
 FTCALC = 'exact'
 INENEZ = 1
 ADJZEFF = 0
 NBCTIM = 1
 BCTIME = 1.765
 SPLNINPT = 'new'
 TIME0 = 1.765
 TIMMAX = 1.764
 DTMAX = 0.005
 NMAX = 1000
 IFFAR = 0
 JPRT = 1
 JFLUX = 1
 JCOEF = 0
 JSOURC = 0
 JBAL = 0
 JTFUS = 0
 JSXR = 0
 NNEU = 1
 NAMEN = 'd'
 RUN_PREPLT = .True.
 MOMTM_FILE = 0
 DO_EQPLOT = 0
 STEADY_STATE = 1.0
 RENEIN = 0.0 0.01 0.02 0.03 0.04 0.05 0.06 0.07 0.08 0.09 0.1 0.11 0.12 0.13 
 0.14 0.15 0.16 0.17 0.18 0.19 0.2 0.21 0.22 0.23 0.24 0.25 0.26 0.27 0.28 
 0.29 0.3 0.31 0.32 0.33 0.34 0.35000000000000003 0.36 0.37 0.38 0.39 0.4 
 0.41000000000000003 0.42 0.43 0.44 0.45 0.46 0.47000000000000003 0.48 0.49 
 0.5 0.51 0.52 0.53 0.54 0.55 0.56 0.5700000000000001 0.58 0.59 0.6 0.61 0.62 
 0.63 0.64 0.65 0.66 0.67 0.68 0.6900000000000001 0.7000000000000001 0.71 
 0.72 0.73 0.74 0.75 0.76 0.77 0.78 0.79 0.8 0.81 0.8200000000000001 
 0.8300000000000001 0.84 0.85 0.86 0.87 0.88 0.89 0.9 0.91 0.92 0.93 
 0.9400000000000001 0.9500000000000001 0.96 0.97 0.98 0.99 1.0
 NJENE = 101
 ENEIN = 64713606834411.62 64707021712818.56 64687414167863.51 
 64655022618140.875 64610075945502.38 64552807814723.12 64483461369115.03 
 64402260781365.55 64309449177228.836 64205246012651.35 64089889543780.016 
 63963623038711.72 63826665838757.59 63679256364052.92 63521642693226.97 
 63354034529185.78 63176698617858.2 62989816694182.66 62793669842984.7 
 62588477083677.414 62374453612798.82 62151875344490.37 61920928926581.96 
 61681885810012.44 61434936386883.77 61180381781399.76 60918388109976.67 
 60649195009047.41 60373096500025.58 60090265032616.16 59800939914551.27 
 59505405492227.58 59203843850607.87 58896503848547.92 58583612542367.516 
 58265404508545.47 57942128632500.234 57614050070875.05 57281327086868.56 
 56944207657016.77 56602983678020.51 56257829541389.57 55909008517861.96 
 55556736245751.97 55201244268787.29 54842795895124.0 54481616328740.63 
 54117922739270.01 53751945100780.97 53383941994663.72 53014121050663.9 
 52642726542762.49 52270030262288.17 51896184802868.375 51521468973972.805 
 51146140546311.33 50770402044938.2 50394482343792.53 50018648474422.74 
 49643057793348.75 49268046325415.09 48893771706282.17 48520503220465.4 
 48148464979860.65 47777909704881.89 47409047205571.66 47042099006299.49 
 46677313450012.45 46314940723564.42 45955209646966.664 45598320539254.07 
 45244535647878.28 44894095479497.55 44547234240134.87 44204154335174.37 
 43865108479543.55 43530335111358.62 43200063084549.9 42874535597106.85 
 42553959573051.38 42238579163175.49 41928653800398.55 41624407554840.92 
 41326040733899.37 41033806051213.22 40747972215611.41 40468721793294.914 
 40196318753819.02 39930977698310.125 39672944187410.27 39422449434136.76 
 39157589185571.08 38691168625505.414 37761243083354.016 36105532015844.19 
 33461713936216.684 29583617298791.17 24513704960534.336 18543780336171.777 
 11973849859107.584 5103916044172.364
 RTEIN = 0.0 0.01 0.02 0.03 0.04 0.05 0.06 0.07 0.08 0.09 0.1 0.11 0.12 0.13 
 0.14 0.15 0.16 0.17 0.18 0.19 0.2 0.21 0.22 0.23 0.24 0.25 0.26 0.27 0.28 
 0.29 0.3 0.31 0.32 0.33 0.34 0.35000000000000003 0.36 0.37 0.38 0.39 0.4 
 0.41000000000000003 0.42 0.43 0.44 0.45 0.46 0.47000000000000003 0.48 0.49 
 0.5 0.51 0.52 0.53 0.54 0.55 0.56 0.5700000000000001 0.58 0.59 0.6 0.61 0.62 
 0.63 0.64 0.65 0.66 0.67 0.68 0.6900000000000001 0.7000000000000001 0.71 
 0.72 0.73 0.74 0.75 0.76 0.77 0.78 0.79 0.8 0.81 0.8200000000000001 
 0.8300000000000001 0.84 0.85 0.86 0.87 0.88 0.89 0.9 0.91 0.92 0.93 
 0.9400000000000001 0.9500000000000001 0.96 0.97 0.98 0.99 1.0
 NJTE = 101
 TEIN = 2.8131978511810303 2.8126301765064383 2.810941219205219 
 2.808153629043794 2.8042883868586372 2.79936766669863 2.793412207622709 
 2.7864446642591374 2.778486965490459 2.7695596249829517 2.759685279682045 
 2.7488853924451035 2.7371816601375154 2.724596255566329 2.711149693276137 
 2.6968648513725304 2.681762928045774 2.6658656623730903 2.6491949683435014 
 2.63177251382996 2.6136195711724897 2.5947587361914017 2.5752105688794713 
 2.55499745366417 2.534141052168656 2.5126633648098 2.4905853055418423 
 2.467929148525088 2.4447164569990916 2.420969704410438 2.396708995124702 
 2.371957546176253 2.3467356975058156 2.3210661752203543 2.294970761185832 
 2.2684705097181603 2.241587677667837 2.2143430837315474 2.1867599354260268 
 2.158858497337146 2.1306610276258424 2.1021900074275286 2.073465547739964 
 2.0445106245870406 2.0153462816830587 1.9859946614298425 1.9564774280581079 
 1.9268157446642356 1.8970321096228773 1.8671475924300367 1.8371840715060443 
 1.8071639251174656 1.7771078966715685 1.747038039983611 1.7169759915483997 
 1.6869434476597063 1.6569625210534649 1.6270546699907207 1.5972415905293735 
 1.567544978822799 1.5379864680424646 1.5085874018646859 1.4793704880002705 
 1.4503564697320008 1.4215678760401909 1.3930256884725567 1.364752008262443 
 1.3367681974940109 1.3090962371119774 1.2817579443495724 1.254775134794866 
 1.2281692657785444 1.2019617114381818 1.176174690590915 1.1508295781042308 
 1.1259484289943202 1.101552702056415 1.0776642115408366 1.0543045345047948 
 1.031495501110935 1.0092590117760636 0.9876162453207563 0.9665811509515554 
 0.9458347204906055 0.9246193773297291 0.9021477038411121 0.8776321161165073 
 0.8502851257519649 0.8193191717279387 0.7839467541222961 0.7433804355905635 
 0.6968323599145991 0.6435153189868127 0.5826883758994776 0.5145306409673976 
 0.4400627556724709 0.3603363620286521 0.2764032756333884 0.1893150949617213 
 0.10012354100525052 0.009880299502128764
 RTIIN = 0.0 0.01 0.02 0.03 0.04 0.05 0.06 0.07 0.08 0.09 0.1 0.11 0.12 0.13 
 0.14 0.15 0.16 0.17 0.18 0.19 0.2 0.21 0.22 0.23 0.24 0.25 0.26 0.27 0.28 
 0.29 0.3 0.31 0.32 0.33 0.34 0.35000000000000003 0.36 0.37 0.38 0.39 0.4 
 0.41000000000000003 0.42 0.43 0.44 0.45 0.46 0.47000000000000003 0.48 0.49 
 0.5 0.51 0.52 0.53 0.54 0.55 0.56 0.5700000000000001 0.58 0.59 0.6 0.61 0.62 
 0.63 0.64 0.65 0.66 0.67 0.68 0.6900000000000001 0.7000000000000001 0.71 
 0.72 0.73 0.74 0.75 0.76 0.77 0.78 0.79 0.8 0.81 0.8200000000000001 
 0.8300000000000001 0.84 0.85 0.86 0.87 0.88 0.89 0.9 0.91 0.92 0.93 
 0.9400000000000001 0.9500000000000001 0.96 0.97 0.98 0.99 1.0
 NJTI = 101
 TIIN = 3.580106019973755 3.579039573598738 3.5758767125662665 
 3.570668935293055 3.5634703628000395 3.55433344938127 3.5433118326114905 
 3.5304579741405737 3.515824791844055 3.4994657093836516 3.481433394443625 
 3.461781023668095 3.4405617652952984 3.41782854833844 3.393633604433563 
 3.368031279182573 3.341073264505956 3.3128135246301627 3.283304236443512 
 3.252599231756339 3.220751771486411 3.1878134981555473 3.1538381534863924 
 3.118879333143375 3.0829889577085186 3.0462212556058574 3.008627616533961 
 2.970262331137385 2.931177858324081 2.891427721673932 2.851064252550091 
 2.8101406203790114 2.76871058329255 2.726826008402413 2.6845405274796823 
 2.641907189531247 2.598979056520383 2.55580856299948 2.512449005367764 
 2.468954023963777 2.425375251418916 2.3817672573617146 2.3381814386131614 
 2.2946725179436056 2.251292218399489 2.2080940688092485 2.165130649848677 
 2.122455591877236 2.0801217106033576 2.038181822602869 1.9966889634064273 
 1.9556961865995026 1.9152559474309054 1.8754226040599542 1.8362475275752739 
 1.797785209694112 1.7600874992581708 1.7232085208830243 1.6871997724557004 
 1.6521154939705367 1.6180084573799605 1.5849315406725726 1.5529377608210246 
 1.5220795728355803 1.4924108575446178 1.4639846631717262 1.4368526455592687 
 1.4110694369352472 1.3866872955977838 1.3637591549346217 1.3423380614988274 
 1.322477420752106 1.3042296697545628 1.2876408419766119 1.272575392847912 
 1.2587087155501138 1.245707023172588 1.2332372431328396 1.2209648731004064 
 1.2085569169770543 1.195679322695341 1.181998375273881 1.1671817186203444 
 1.1508937772170218 1.1328018373196256 1.1125724786465299 1.0898716776390267 
 1.0643663532810137 1.0357221211831837 1.0036056719940893 0.9676835773905963 
 0.9276219461878985 0.8830871128757711 0.8337456334568057 0.7792633628951509 
 0.719307940287859 0.6535441524636487 0.5816391403329114 0.5032593299288557 
 0.4180709651725375 0.3265489056320803
 RANGROT = 0.0 0.01 0.02 0.03 0.04 0.05 0.06 0.07 0.08 0.09 0.1 0.11 0.12 
 0.13 0.14 0.15 0.16 0.17 0.18 0.19 0.2 0.21 0.22 0.23 0.24 0.25 0.26 0.27 
 0.28 0.29 0.3 0.31 0.32 0.33 0.34 0.35000000000000003 0.36 0.37 0.38 0.39 
 0.4 0.41000000000000003 0.42 0.43 0.44 0.45 0.46 0.47000000000000003 0.48 
 0.49 0.5 0.51 0.52 0.53 0.54 0.55 0.56 0.5700000000000001 0.58 0.59 0.6 0.61 
 0.62 0.63 0.64 0.65 0.66 0.67 0.68 0.6900000000000001 0.7000000000000001 
 0.71 0.72 0.73 0.74 0.75 0.76 0.77 0.78 0.79 0.8 0.81 0.8200000000000001 
 0.8300000000000001 0.84 0.85 0.86 0.87 0.88 0.89 0.9 0.91 0.92 0.93 
 0.9400000000000001 0.9500000000000001 0.96 0.97 0.98 0.99 1.0
 ANGROTIN = 168144.46875 168054.54686906352 167788.9531055512 
 167353.89058488316 166755.624932467 166000.28133871703 165094.10923408347 
 164043.35939033347 162854.21851373106 161532.90679498104 160085.64083008264 
 158518.62489983343 156838.10889546285 155050.26472428485 153161.32816178486 
 151177.50121199532 149105.03047933467 146950.09407308468 144718.9235239644 
 142417.7494361478 140052.7819361478 137630.21712795075 135156.2653247008 
 132637.1729809508 130079.14704770996 127488.39064145996 124871.1302971369 
 122233.5809221369 119581.9222199212 116922.4352793561 114261.2765293561 
 111604.70379188158 108958.91218224175 106330.12061974175 103724.53997920356 
 101148.38129825173 98607.89426700173 96109.22779312097 93658.67854485921 
 91262.387283656 88926.618533656 86657.58515210377 84461.45816155052 
 82344.51706780052 80312.92922496378 78372.9118664179 76530.7046789179 
 74792.52324343081 73164.55306583979 71653.05619083978 70264.1953870207 
 69001.40516029194 67858.76365996704 66828.52078916706 65902.86133604206 
 65074.02834098227 64334.20721006037 63675.640206493976 63090.5264768443 
 62571.08863329095 62109.54015672845 61698.102152819374 61328.97673897555 
 60994.37875945666 60686.53083677737 60397.66730666677 60119.96947463552 
 59845.664527987086 59566.98456665986 59276.12492589366 58965.30037764236 
 58626.72966603592 58252.63779103592 57835.24299105145 57366.73483892105 
 56839.34765139315 56245.30014370695 55576.78763060137 54826.06009449527 
 53985.27525074526 53046.715998305095 52002.554916612105 50845.01861666332 
 49566.33358823738 48158.68735597521 46614.31610597522 44925.43605785482 
 43084.243102597895 41082.98334067777 38913.85211449362 36569.05647222175 
 34040.823034721754 31321.36572581193 28402.91432381703 25277.649594348575 
 21937.823878535233 18375.630534384785 14583.285221884782 10553.018444750316 
 6277.028897991184 1757.259212732315
 ZEFFIN = 1.928287077880609 1.92826610536041 1.9282054639541637 
 1.9281090566417967 1.9279804040018111 1.9278229304622476 1.9276405270180503 
 1.9274365163090752 1.927214565504011 1.9269784117036588 1.9267315965861904 
 1.926476001733365 1.9262198176549195 1.9259613400501396 1.9257079314267365 
 1.9254613811663905 1.9252264905380794 1.92500612430183 1.9248058498556047 
 1.9246285260945961 1.9244774296644862 1.9243578600739633 1.9242722412806728 
 1.924228732925506 1.9242281416351033 1.9242752167750001 1.9243750858608695 
 1.9245330903223157 1.9247550145467074 1.9250421489049707 1.925409167800534 
 1.9258456958467207 1.9263688006851605 1.926979104445444 1.9276922420974794 
 1.9284989842258338 1.9294119280049675 1.9304374854046888 1.931586525437252 
 1.9328586882541254 1.9342605101758021 1.9358069875100536 1.9374992827897286 
 1.9393471432502845 1.9413551031627132 1.9435312418549286 1.9458858370115433 
 1.948425597523411 1.9511625565787074 1.9541005300042071 1.957251062695412 
 1.960626743675625 1.9642276629103912 1.9680740148503522 1.9721703203165342 
 1.9765285130583912 1.981152072345481 1.9860638582331702 1.9912665607636044 
 1.996775127100756 2.0025998048456084 2.0087473129615487 2.0152413313651945 
 2.022080297819917 2.0292857596929976 2.0368670805055817 2.044838006004443 
 2.0532103330754787 2.0619928159942575 2.0712024482276057 2.0808555395132498 
 2.0909639263711726 2.101535140765841 2.112584744345622 2.12412910142685 
 2.1361800729478877 2.148746426698078 2.161845162142215 2.175484462054263 
 2.189680638199447 2.2044454873605885 2.2197898627745545 2.2357217575756474 
 2.2522527603906264 2.2693971396915043 2.2871588306061645 2.3055489638538305 
 2.324574306900239 2.3437041110816716 2.3597968558923257 2.3688494429138087 
 2.367534099264275 2.3581998994119733 2.345600677971147 2.3343705693462047 
 2.3297387701414483 2.3388644405109282 2.360976871817634 2.3806836782590066 
 2.350869277765014 1.9647562833585575
 RZEFFIN = 0.0 0.01 0.02 0.03 0.04 0.05 0.06 0.07 0.08 0.09 0.1 0.11 0.12 
 0.13 0.14 0.15 0.16 0.17 0.18 0.19 0.2 0.21 0.22 0.23 0.24 0.25 0.26 0.27 
 0.28 0.29 0.3 0.31 0.32 0.33 0.34 0.35000000000000003 0.36 0.37 0.38 0.39 
 0.4 0.41000000000000003 0.42 0.43 0.44 0.45 0.46 0.47000000000000003 0.48 
 0.49 0.5 0.51 0.52 0.53 0.54 0.55 0.56 0.5700000000000001 0.58 0.59 0.6 0.61 
 0.62 0.63 0.64 0.65 0.66 0.67 0.68 0.6900000000000001 0.7000000000000001 
 0.71 0.72 0.73 0.74 0.75 0.76 0.77 0.78 0.79 0.8 0.81 0.8200000000000001 
 0.8300000000000001 0.84 0.85 0.86 0.87 0.88 0.89 0.9 0.91 0.92 0.93 
 0.9400000000000001 0.9500000000000001 0.96 0.97 0.98 0.99 1.0
 NJZEF = 101
 /
 &NAMELIS2
 IYOKA = 1
 ISHOT = 166616
 ITIME = 1765
 BEAMON = 1.0001 0.7001 0.5101 0.4951 4*99.0
 BTIME = 4.2399 4.3693 2*4.7605 4*1.0
 TIMBPLT = 0.0
 NBEAMTCX = 1
 ITERATE_BEAM = .False.
 NAMEB = 'd'
 FDBEAM = 1.0
 NPART = 50000
 NPSKIP = 5
 MF = 21
 FE_TK = 1.5
 IEXCIT = 5
 IZSTRP = 2*1
 NBEAMS = 4
 NSOURC = 2
 SFRAC1 = 3*1.0 4*0.0 1.0
 EBKEV = 80.5295 50.2739 74.862 73.2181 4*80.0
 BPTOR = 475762.0 609004.0 1081340.0 1022340.0 4*0.0
 ANGLEH = 6*19.5 2*-19.5
 FBCUR = 0.790314 0.155872 0.0538145 0.680743 0.14919 0.170067 0.780571 
 0.154056 0.0653728 0.776816 0.153578 0.0696066 0.789614 0.155691 0.0546949 
 0.789614 0.155691 0.0546949 0.789614 0.155691 0.0546949 0.789614 0.155691 
 0.0546949
 ANGRCPLE = 1.0
 IRFPLT = 0
 IMAXBEAMCONVG = 20
 HDEPSMTH = 100
 ICALC_CXFACTOR = 0
 TORAY_VERSION = 1.8
 TORAY_PATH = '/home/prater/bin/toray1.8_noclob'
 RFON = 6*-1.0
 RFTIME = 6*-1.0
 IRFCUR = 6*1
 FREQ = 6*110000000000.0
 WRFO = 6*0.0
 GAFSEP = 1e-06
 HLWEC = 6*1.7
 RATWEC = 6*1.0
 RFMODE = 6*'ech'
 RFPOW = 6*0.0
 THETEC = 6*0.0
 PHAIEC = 6*0.0
 XEC = 6*0.0
 ZEC = 6*0.0
 NRAY = 6*30
 IDAMP = 6*8
 QRADR = 0.0 0.01 0.02 0.03 0.04 0.05 0.06 0.07 0.08 0.09 0.1 0.11 0.12 0.13 
 0.14 0.15 0.16 0.17 0.18 0.19 0.2 0.21 0.22 0.23 0.24 0.25 0.26 0.27 0.28 
 0.29 0.3 0.31 0.32 0.33 0.34 0.35000000000000003 0.36 0.37 0.38 0.39 0.4 
 0.41000000000000003 0.42 0.43 0.44 0.45 0.46 0.47000000000000003 0.48 0.49 
 0.5 0.51 0.52 0.53 0.54 0.55 0.56 0.5700000000000001 0.58 0.59 0.6 0.61 0.62 
 0.63 0.64 0.65 0.66 0.67 0.68 0.6900000000000001 0.7000000000000001 0.71 
 0.72 0.73 0.74 0.75 0.76 0.77 0.78 0.79 0.8 0.81 0.8200000000000001 
 0.8300000000000001 0.84 0.85 0.86 0.87 0.88 0.89 0.9 0.91 0.92 0.93 
 0.9400000000000001 0.9500000000000001 0.96 0.97 0.98 0.99 1.0
 NQRAD = 101
 QRADIN = 0.03587610647082329 0.03589837625672518 0.03592064231781522 
 0.03595361113793882 0.035990238192971646 0.036026861514910906 
 0.036076441415116345 0.03613544255355016 0.03620210663778 
 0.036274462913994124 0.036353681226801285 0.03643781319793438 
 0.03652720900921292 0.03662158926031009 0.036719527086377296 
 0.036821287063404325 0.036926377603109885 0.03703386707350235 
 0.037143737002187385 0.03725540268133985 0.037368357143286936 
 0.03748216114976351 0.0375963784890354 0.03771052876916829 
 0.03782420611467427 0.037936918442065176 0.03804821531479142 
 0.03815763804321073 0.03826472907013366 0.03836900376767476 
 0.038470081864451965 0.03856739399530038 0.03866038477792598 
 0.03874891612491763 0.03883219135249824 0.03890977059092285 
 0.038981206613331154 0.039045903799706266 0.03910351174467588 
 0.03915338224158826 0.03919495267220976 0.039227787413637756 
 0.03925123440006969 0.039264716198884296 0.0392676629107056 
 0.03925968704251042 0.03923991696647769 0.039207693184017504 
 0.03916268789426138 0.039103943912616866 0.03903094306565158 
 0.038942877104318444 0.03883916489209561 0.03871898686299444 
 0.0385815206148696 0.03842617217257889 0.038252152542346304 
 0.03805833294582669 0.037844337129735964 0.03760870851103863 
 0.03735122518141469 0.03707049082841733 0.036765650052796556 
 0.036435704508518026 0.03607965205929222 0.03569646826641515 
 0.03528503807889178 0.03484427631011734 0.034372784537182496 
 0.03386991085743661 0.03333390063610619 0.032763625126488706 
 0.032157795358605884 0.031514895460557996 0.03083380374580244 
 0.030112873779826188 0.02935055566522422 0.028545273709680286 
 0.027695474445171085 0.026799414350933755 0.02585537099752217 
 0.0248615557626668 0.023816117230743086 0.022717075357969643 
 0.021562394300827247 0.020350170383581383 0.019078094490351846 
 0.017743988529953042 0.016345382900826662 0.014880367222628121 
 0.01334613180176198 0.011746197551645632 0.010110665043498942 
 0.008474386569309074 0.00687359143793528 0.0053423393293728595 
 0.003917298787416823 0.0026348135109561747 0.0015311406650406686 
 0.0006397008576131221 5.573033945449352e-08
 ANGLEV = 0.0 0.298413 3*0.0 -0.00119126 2*0.0
 RPIVOT = 8*286.56
 ZPIVOT = 0.0 -2.94555 3*0.0 0.137138 2*0.0
 BLENP(3) = 0.0
 BLENP(4) = 0.0
 /
 &NAMELIS3
 IFIXSHAP = 1
 XDIM = 170.0
 YDIM = 320.0
 REDGE = 84.0
 EQDSKIN = 'g166616.01765'
 IRGUESS = -99
 ITORFLUSE = 1
 ITERDB = 1
 NLIMITER = -1
 create_gcnmp_input = .True.
 write_ITERDB_txt = .False.
 ieqdsk = -1
 /
