dee    diii-d
 Template inone namelist for running onetwo/toray
-------------------------------------------------------  
&NAMELIS1
  RMAJOR = 0.0 
  RMINOR = 60.0 
  BTOR = 0.0 
  TOTCUR = 0.0 
  RIN = 84.0 
  ROUT = 243.0 
  ZAX = 0.0 
  NPRIM = 1 
  NIMP = 1 
  NAMEP = 'd' 
  NAMEI = 'c' 
  CER_ION = 'c' 
  ITENP = 0 
  ITTE = 0 
  ITTI = 0 
  ITXJ = 0 
  IANGROT = 1 
  ITANGROT = 0 
  TAUPIN = 0.25 
  WNEO = 1.0 0.0 0.0 1.0 0.0 0.0 1.0 0.0 1.0 0.0 0.0 0.0 1.0 1.0 0.0  
    0.0 0.0 0.0 1.0 0.0 0.0 0.0 0.0 0.0 1.0 
  WNEOT = 1.0 
  JHIRSH = 110 
  RESISTIVE = 'hirshman' 
  FTCALC = 'exact' 
  INENEZ = 1 
  ADJZEFF = 1 
  NBCTIM = 1 
  BCTIME = 0.0 
  SPLNINPT = 'new' 
  TIME0 = 2.026 
  TIMMAX = 2.025 
  DTMAX = 0.0005 
  NMAX = 100000.0 
  IFFAR = 0 
  JPRT = 1 
  JFLUX = 1 
  JCOEF = 0 
  JSOURC = 0 
  JBAL = 0 
  JTFUS = 0 
  JSXR = 0 
  NNEU = 1 
  NAMEN = 'd' 
  RUN_PREPLT = .true. 
  MOMTM_FILE = 0 
  DO_EQPLOT = 0 
  NJENE = 51 
  RENEIN(1,1) = 0.0 0.02 0.04 0.06 0.08 0.1 0.12 0.14 0.16 0.18 0.2  
    0.22 0.24 0.26 0.28 0.3 0.32 0.34 0.36 0.38 0.4 0.42 0.44 0.46 0.48  
    0.5 0.52 0.54 0.56 0.58 0.6 0.62 0.64 0.66 0.68 0.7 0.72 0.74 0.76  
    0.78 0.8 0.82 0.84 0.86 0.88 0.9 0.92 0.94 0.96 0.98 1.0 
  ENEIN(1,1) = 3.100676e+13 3.099667e+13 3.096661e+13 3.091686e+13  
    3.084771e+13 3.075945e+13 3.065237e+13 3.052676e+13 3.038289e+13  
    3.022108e+13 3.004159e+13 2.984472e+13 2.963076e+13 2.939999e+13  
    2.915272e+13 2.888921e+13 2.860976e+13 2.831467e+13 2.800421e+13  
    2.767868e+13 2.733836e+13 2.698355e+13 2.661453e+13 2.623159e+13  
    2.583502e+13 2.542511e+13 2.500213e+13 2.45664e+13 2.411819e+13  
    2.365779e+13 2.318548e+13 2.270157e+13 2.220633e+13 2.170006e+13  
    2.11832e+13 2.065636e+13 2.012016e+13 1.957524e+13 1.902221e+13  
    1.846169e+13 1.789432e+13 1.73207e+13 1.674148e+13 1.615726e+13  
    1.556868e+13 1.497636e+13 1.438092e+13 1.378299e+13 1.318319e+13  
    1.258213e+13 1.198046e+13 
  NJTE = 51 
  RTEIN(1,1) = 0.0 0.02 0.04 0.06 0.08 0.1 0.12 0.14 0.16 0.18 0.2 0.22  
    0.24 0.26 0.28 0.3 0.32 0.34 0.36 0.38 0.4 0.42 0.44 0.46 0.48 0.5  
    0.52 0.54 0.56 0.58 0.6 0.62 0.64 0.66 0.68 0.7 0.72 0.74 0.76 0.78  
    0.8 0.82 0.84 0.86 0.88 0.9 0.92 0.94 0.96 0.98 1.0 
  TEIN(1,1) = 1.74281 1.740151 1.732366 1.719744 1.702571 1.681137  
    1.65573 1.626637 1.594146 1.558546 1.520125 1.47917 1.43597  
    1.390812 1.343986 1.295779 1.246478 1.196372 1.14575 1.094899  
    1.044107 0.9936618 0.9438524 0.8949662 0.8472915 0.8011163  
    0.7566687 0.7139371 0.6728503 0.6333363 0.5953239 0.5587415  
    0.5235177 0.4895808 0.4568596 0.4252824 0.3947777 0.3652741  
    0.3366999 0.3089838 0.2820542 0.2558396 0.2302686 0.2052695  
    0.180771 0.1567015 0.1329895 0.1095635 0.08635201 0.06328347  
    0.0402865 
  NJTI = 51 
  RTIIN(1,1) = 0.0 0.02 0.04 0.06 0.08 0.1 0.12 0.14 0.16 0.18 0.2 0.22  
    0.24 0.26 0.28 0.3 0.32 0.34 0.36 0.38 0.4 0.42 0.44 0.46 0.48 0.5  
    0.52 0.54 0.56 0.58 0.6 0.62 0.64 0.66 0.68 0.7 0.72 0.74 0.76 0.78  
    0.8 0.82 0.84 0.86 0.88 0.9 0.92 0.94 0.96 0.98 1.0 
  TIIN(1,1) = 2.479255 2.468727 2.438906 2.392437 2.331965 2.260134  
    2.179589 2.092974 2.002936 1.912117 1.823163 1.738335 1.658023  
    1.582052 1.510247 1.442431 1.378428 1.318062 1.261158 1.20754  
    1.15703 1.109455 1.064637 1.022401 0.9825714 0.9449713 0.9094251  
    0.8757572 0.8437912 0.8133515 0.7842619 0.7563469 0.7294304  
    0.7033362 0.6778886 0.6529117 0.6282295 0.6036661 0.5790455  
    0.5541918 0.5289291 0.5030816 0.4764731 0.4489278 0.4202699  
    0.3903233 0.3589976 0.3265126 0.2931582 0.259224 0.225 
  RANGROT(1,1) = 0.0 0.02 0.04 0.06 0.08 0.1 0.12 0.14 0.16 0.18 0.2  
    0.22 0.24 0.26 0.28 0.3 0.32 0.34 0.36 0.38 0.4 0.42 0.44 0.46 0.48  
    0.5 0.52 0.54 0.56 0.58 0.6 0.62 0.64 0.66 0.68 0.7 0.72 0.74 0.76  
    0.78 0.8 0.82 0.84 0.86 0.88 0.9 0.92 0.94 0.96 0.98 1.0 
  ANGROTIN(1,1) = 81093.43 80976.64 80634.64 80080.01 79325.31 78383.11  
    77265.99 75986.52 74557.26 72990.77 71299.65 69496.45 67593.74  
    65604.1 63540.09 61414.28 59239.25 57027.55 54791.77 52544.48  
    50298.24 48065.62 45859.19 43691.52 41575.18 39522.75 37546.79  
    35659.87 33874.56 32203.44 30659.06 29254.01 28000.84 26903.12  
    25937.68 25076.44 24291.27 23554.09 22836.78 22111.26 21349.4  
    20523.13 19604.32 18564.88 17376.71 16011.71 14441.76 12638.78  
    10574.66 8221.31 5615.642 
  NJZEF = 51 
  RZEFFIN(1,1) = 0.0 0.02 0.04 0.06 0.08 0.1 0.12 0.14 0.16 0.18 0.2  
    0.22 0.24 0.26 0.28 0.3 0.32 0.34 0.36 0.38 0.4 0.42 0.44 0.46 0.48  
    0.5 0.52 0.54 0.56 0.58 0.6 0.62 0.64 0.66 0.68 0.7 0.72 0.74 0.76  
    0.78 0.8 0.82 0.84 0.86 0.88 0.9 0.92 0.94 0.96 0.98 1.0 
  ZEFFIN(1,1) = 1.301801 1.301729 1.301524 1.301202 1.30078 1.300273  
    1.299696 1.299065 1.298396 1.297704 1.297005 1.296317 1.295654  
    1.295036 1.29448 1.294005 1.293631 1.29338 1.293272 1.293334  
    1.293589 1.294065 1.294792 1.295802 1.29713 1.298812 1.300891  
    1.303412 1.306425 1.309983 1.314149 1.31899 1.32458 1.331004  
    1.338354 1.34673 1.356244 1.367023 1.379211 1.39297 1.408486  
    1.425452 1.441963 1.455548 1.463355 1.462077 1.447846 1.416116  
    1.361498 1.277605 1.164326 
  DT = 0.0001 
  DTMIN = 1e-06 
  STEPS_PER_PLOT = 1 
/

&NAMELIS2
  IYOKA = 1 
  ISHOT = 150139 
  ITIME = 2026 
  BEAMON = 0.3001 
  BTIME = 5.2789 
  TIMBPLT = 0.0 
  NBEAMTCX = 1 
  ITERATE_BEAM = .false. 
  NAMEB = 'd' 
  FDBEAM = 1.0 
  NPART = 50000 
  NPSKIP = 1 
  MF = 21 
  FE_TK = 1.5 
  IEXCIT = 5 
  IZSTRP = 1 1 
  NBEAMS = 2 
  NSOURC = 2 
  SFRAC1 = 0.0 0.0 
  EBKEV = 59.0209 60.0401 
  BPTOR = 1094390.0 1141010.0 
  ANGLEH = 19.5 19.5 
  FBCUR = 0.8 0.14 0.06 0.8 0.14 0.06 
  ANGRCPLE = 1.0 
  IRFPLT = 0 
  IDDFUSRATE = 1 
  IDDFUSB = 1 
  IDDFUSB_S = 1 
  IMAXBEAMCONVG = 15 
  HDEPSMTH = 100.0 
  RELNUB = 0.1 
  IDDFUSB_BULK = 1 
  ICALC_CXFACTOR = 1 
  TORAY_VERSION = 1.8 
  TORAY_PATH = '/home/prater/bin/toray1.8_noclob' 
  RFON = -1.0 -1.0 -1.0 -1.0 -1.0 -1.0 
  RFTIME = -1.0 -1.0 -1.0 -1.0 -1.0 -1.0 
  IRFCUR = 1 1 1 1 1 1 
  FREQ = 110000000000.0 110000000000.0 110000000000.0 110000000000.0  
    110000000000.0 110000000000.0 
  WRFO = 0.0 0.0 0.0 0.0 0.0 0.0 
  GAFSEP = 1e-06 
  RELRF = 0.25 
  HLWEC = 1.7 1.7 1.7 1.7 1.7 1.7 
  RATWEC = 1.0 1.0 1.0 1.0 1.0 1.0 
  RFMODE = 'ech' 'ech' 'ech' 'ech' 'ech' 'ech' 
  RFPOW = 0.0 0.0 0.0 0.0 0.0 0.0 
  THETEC = 0.0 0.0 0.0 0.0 0.0 0.0 
  PHAIEC = 0.0 0.0 0.0 0.0 0.0 0.0 
  XEC = 0.0 0.0 0.0 0.0 0.0 0.0 
  ZEC = 0.0 0.0 0.0 0.0 0.0 0.0 
  NRAY = 30 30 30 30 30 30 
  IDAMP = 8 8 8 8 8 8 
  NQRAD = 51 
  QRADR = 0.0 0.02 0.04 0.06 0.08 0.1 0.12 0.14 0.16 0.18 0.2 0.22 0.24  
    0.26 0.28 0.3 0.32 0.34 0.36 0.38 0.4 0.42 0.44 0.46 0.48 0.5 0.52  
    0.54 0.56 0.58 0.6 0.62 0.64 0.66 0.68 0.7 0.72 0.74 0.76 0.78 0.8  
    0.82 0.84 0.86 0.88 0.9 0.92 0.94 0.96 0.98 1.0 
  QRADIN(1,1) = -6.993073e-05 6.026123e-05 0.0002187213 0.0004707062  
    0.0008124824 0.001239492 0.001742076 0.002314244 0.002951922  
    0.003649399 0.004402652 0.005204927 0.006053754 0.006944532  
    0.007873248 0.0088364 0.009830531 0.01085193 0.0118978 0.01296482  
    0.01405013 0.01515083 0.01626411 0.01738722 0.01851749 0.01965228  
    0.02078896 0.0219249 0.02305748 0.0241841 0.02530207 0.02640867  
    0.02750113 0.02857662 0.02963221 0.03066486 0.03167142 0.03264865  
    0.03359308 0.03450111 0.03536899 0.03619272 0.03696806 0.03769059  
    0.03835553 0.03895788 0.0393986 0.03920479 0.03780465 0.03462467  
    0.02907532 
  IDDCAL = 3 
  IBCX = 1 
  ANGLEV = 0.0 0.0 
  IBCUR = 1 
  IBORB = 1 
  IFUS = 1 
/

&NAMELIS3
  IFIXSHAP = 1 
  XDIM = 170.0 
  YDIM = 320.0 
  REDGE = 84.0 
  EQDSKIN = 'g150139.02026' 
  IRGUESS = -99 
  ITORFLUSE = 1 
  ITERDB = 1
/

