dee    diii-d

-------------------------------------------------------
 &NAMELIS1
 RMAJOR = 0.0
 RMINOR = 60.0
 BTOR = 0.0
 TOTCUR = 2*996083.61
 RIN = 84.0
 ROUT = 243.0
 ZAX = 0.0
 NJ = 101
 NPRIM = 1
 NIMP = 1
 NAMEP = 'd'
 NAMEI = 'c'
 CER_ION = 'c'
 ITENP = 0
 ITTE = 0
 ITTI = 0
 ITXJ = 1
 IANGROT = 1
 ITANGROT = 0
 taupin = 0.44592198729515076
 WNEOT = 1.0
 JHIRSH = 112
 RESISTIVE = 'hirshman'
 FTCALC = 'exact'
 INENEZ = -99
 ADJZEFF = 0
 NBCTIM = 2
 BCTIME = 2.595 2.805
 SPLNINPT = 'new'
 TIME0 = 
 TIMMAX = 2.705
 DTMAX = 0.005
 NMAX = 1000
 IFFAR = 0
 JPRT = 1
 JFLUX = 1
 JCOEF = 0
 JSOURC = 0
 JBAL = 0
 JTFUS = 0
 JSXR = 0
 NNEU = 1
 NAMEN = 'd'
 RUN_PREPLT = .True.
 MOMTM_FILE = 0
 do_eqplot = 0
 STEADY_STATE = 1.0
 WNEO(1,1) = 1.0
 WNEO(2,1) = 2*0.0 1.0 2*0.0 1.0 0.0 1.0 3*0.0 2*1.0 4*0.0 1.0 5*0.0 1.0
 WNEO(4,4) = 1.0
 NJENE = 101
 NJTE = 101
 NJTI = 101
 NJZEF = 101
 RENIIN = 0.0 0.01 0.02 0.03 0.04 0.05 0.06 0.07 0.08 0.09 0.1 0.11 0.12 0.13 
 0.14 0.15 0.16 0.17 0.18 0.19 0.2 0.21 0.22 0.23 0.24 0.25 0.26 0.27 0.28 
 0.29 0.3 0.31 0.32 0.33 0.34 0.35000000000000003 0.36 0.37 0.38 0.39 0.4 
 0.41000000000000003 0.42 0.43 0.44 0.45 0.46 0.47000000000000003 0.48 0.49 
 0.5 0.51 0.52 0.53 0.54 0.55 0.56 0.5700000000000001 0.58 0.59 0.6 0.61 0.62 
 0.63 0.64 0.65 0.66 0.67 0.68 0.6900000000000001 0.7000000000000001 0.71 
 0.72 0.73 0.74 0.75 0.76 0.77 0.78 0.79 0.8 0.81 0.8200000000000001 
 0.8300000000000001 0.84 0.85 0.86 0.87 0.88 0.89 0.9 0.91 0.92 0.93 
 0.9400000000000001 0.9500000000000001 0.96 0.97 0.98 0.99 1.0
 ENI = 1728334284890.0464 1727981616523.6504 1726936805553.0806 
 1725220742704.6895 1722854318700.7854 1719858012556.408 1716252575726.0857 
 1712057939519.1055 1707295541311.558 1701985865108.432 1696150206061.2354 
 1689808359133.501 1682980665303.3215 1675688702499.8818 1667953779690.3623 
 1659794170968.8813 1651232128375.382 1642290079943.9158 1632984368426.6514 
 1623339030998.4683 1613373062955.4897 1603108287442.1343 1592564388796.9211 
 1581763067271.3743 1570723959993.6968 1559469364950.8599 1548017802904.2637 
 1536390216123.5696 1524609625082.4102 1512695305682.0544 1500666810297.1458 
 1488544957982.878 1476351637270.2122 1464106126210.9412 1451830616956.94 
 1439546998779.7283 1427271663506.0227 1415029139575.6824 1402837055830.3745 
 1390718227196.0566 1378692755486.5515 1366782146970.7786 1355004854503.5208 
 1343383177626.7527 1331937662944.4343 1320689923297.3484 1309658957835.828 
 1298864492053.7725 1288329374073.4788 1278073837590.7134 1268118025043.7058 
 1258483545382.076 1249188815484.6787 1240257062595.0652 1231707303072.561 
 1223563624313.6677 1215840509537.1711 1208562835252.583 1201749980414.0027 
 1195424210192.2273 1189605074017.944 1184311469226.5793 1179566934073.4004 
 1175391672147.8464 1171804650086.645 1168827445876.3223 1166482611309.7668 
 1164785649517.5398 1163762827051.3423 1163434347596.8738 1163815878809.8362 
 1164933397264.546 1166803794710.129 1169449632566.8477 1172891793232.4734 
 1177150342836.5188 1182246859346.4575 1188200171952.592 1195031446314.8928 
 1202763860999.0332 1211416062115.1704 1221007385371.425 1231560370815.3533 
 1243095084593.727 1255632967242.158 1269193863642.2122 1283798001302.0261 
 1299467292853.1697 1316221392125.2354 1334081464775.6545 1353067714303.461 
 1373124773276.5884 1390080105581.2712 1393641021249.681 1373018024230.25 
 1317421277783.498 1216061931849.0425 1058150180798.6173 832896287937.9183 
 529510626365.91144 137407643160.41222
 NJENI = 101
 RENPIN = 0.0 0.01 0.02 0.03 0.04 0.05 0.06 0.07 0.08 0.09 0.1 0.11 0.12 0.13 
 0.14 0.15 0.16 0.17 0.18 0.19 0.2 0.21 0.22 0.23 0.24 0.25 0.26 0.27 0.28 
 0.29 0.3 0.31 0.32 0.33 0.34 0.35000000000000003 0.36 0.37 0.38 0.39 0.4 
 0.41000000000000003 0.42 0.43 0.44 0.45 0.46 0.47000000000000003 0.48 0.49 
 0.5 0.51 0.52 0.53 0.54 0.55 0.56 0.5700000000000001 0.58 0.59 0.6 0.61 0.62 
 0.63 0.64 0.65 0.66 0.67 0.68 0.6900000000000001 0.7000000000000001 0.71 
 0.72 0.73 0.74 0.75 0.76 0.77 0.78 0.79 0.8 0.81 0.8200000000000001 
 0.8300000000000001 0.84 0.85 0.86 0.87 0.88 0.89 0.9 0.91 0.92 0.93 
 0.9400000000000001 0.9500000000000001 0.96 0.97 0.98 0.99 1.0
 ENP = 54087350541027.9 54078497822860.82 54052212346964.64 54008878942535.02 
 53948882438667.664 53872614551952.36 53780452093386.08 53672803324693.46 
 53550049696788.19 53412556667168.08 53260737173125.95 53094978339650.88 
 52915650702406.055 52723161355819.62 52517884016634.43 52300214644949.39 
 52070529472169.11 51829222532298.72 51576692339478.82 51313321947675.02 
 51039495320943.35 50755590700950.79 50462018776149.74 50159141419590.766 
 49847368002762.75 49527076037047.875 49198654620635.11 48862498863309.59 
 48518987193215.664 48168497734102.96 47811437829913.58 47448190182163.28 
 47079134902832.22 46704685433311.42 46325189736733.695 45941058765018.336 
 45552705724435.234 45160446884183.234 44764731997179.49 44365938746801.195 
 43964444916867.39 43560633218766.81 43154895722519.76 42747632217676.83 
 42339204765337.82 41930026070328.72 41520484932138.59 41110943948032.21 
 40701817205742.72 40293468485557.85 39886328286777.7 39480725757995.484 
 39077104553259.35 38675795901550.27 38277238126752.38 37881809107503.4 
 37489868844868.7 37101817837067.195 36718080771574.79 36338977057597.59 
 35964941567481.85 35596370614019.59 35233609215673.734 34877077112106.008 
 34527166280292.99 34184217844803.37 33848692281019.844 33520954198490.88 
 33201331900987.906 32890262719805.824 32588140833664.723 32295351344299.004 
 32012265068867.656 31739288758062.188 31476795759996.27 31225175852745.492 
 30984814141435.992 30756116621896.23 30539448882887.504 30335204901031.6 
 30143776699356.215 29965555031636.723 29800928026743.86 29650276666882.27 
 29513986882628.363 29392454354705.04 29274645714311.918 29108229311328.793 
 28831516613656.92 28382823177367.336 27700479139750.902 26723252049881.22 
 25414621005856.406 23774784388479.797 21806919540637.855 19514216844707.402 
 16900045533348.605 14026107672195.578 11091967999197.951 8317111008626.321 
 5919807832722.506
 NJENP = 101
 diffeq_methd = 0
 PRTLST = 2.6950010000000004 2.6961120000000003 2.697223 2.6983340000000005 
 2.6994450000000003 2.700556 2.701667 2.7027780000000003 2.703889 2.705
 PLTLST = 2.6950010000000004 2.6961120000000003 2.697223 2.6983340000000005 
 2.6994450000000003 2.700556 2.701667 2.7027780000000003 2.703889 2.705
 NTEROW = 0.001110999999999862
 timprt = 0.001110999999999862
 timplt = 0.001110999999999862
 steps_per_plot = 2000
 mprt = 2000
 mplot = 2000
 RENEIN(1,1) = 0.0 0.01 0.02 0.03 0.04 0.05 0.06 0.07 0.08 0.09 0.1 0.11 0.12 
 0.13 0.14 0.15 0.16 0.17 0.18 0.19 0.2 0.21 0.22 0.23 0.24 0.25 0.26 0.27 
 0.28 0.29 0.3 0.31 0.32 0.33 0.34 0.35000000000000003 0.36 0.37 0.38 0.39 
 0.4 0.41000000000000003 0.42 0.43 0.44 0.45 0.46 0.47000000000000003 0.48 
 0.49 0.5 0.51 0.52 0.53 0.54 0.55 0.56 0.5700000000000001 0.58 0.59 0.6 0.61 
 0.62 0.63 0.64 0.65 0.66 0.67 0.68 0.6900000000000001 0.7000000000000001 
 0.71 0.72 0.73 0.74 0.75 0.76 0.77 0.78 0.79 0.8 0.81 0.8200000000000001 
 0.8300000000000001 0.84 0.85 0.86 0.87 0.88 0.89 0.9 0.91 0.92 0.93 
 0.9400000000000001 0.9500000000000001 0.96 0.97 0.98 0.99 1.0
 RENEIN(1,2) = 0.0 0.01 0.02 0.03 0.04 0.05 0.06 0.07 0.08 0.09 0.1 0.11 0.12 
 0.13 0.14 0.15 0.16 0.17 0.18 0.19 0.2 0.21 0.22 0.23 0.24 0.25 0.26 0.27 
 0.28 0.29 0.3 0.31 0.32 0.33 0.34 0.35000000000000003 0.36 0.37 0.38 0.39 
 0.4 0.41000000000000003 0.42 0.43 0.44 0.45 0.46 0.47000000000000003 0.48 
 0.49 0.5 0.51 0.52 0.53 0.54 0.55 0.56 0.5700000000000001 0.58 0.59 0.6 0.61 
 0.62 0.63 0.64 0.65 0.66 0.67 0.68 0.6900000000000001 0.7000000000000001 
 0.71 0.72 0.73 0.74 0.75 0.76 0.77 0.78 0.79 0.8 0.81 0.8200000000000001 
 0.8300000000000001 0.84 0.85 0.86 0.87 0.88 0.89 0.9 0.91 0.92 0.93 
 0.9400000000000001 0.9500000000000001 0.96 0.97 0.98 0.99 1.0
 ENEIN(1,1) = 64457356250368.18 64446387522002.73 64413833180283.125 
 64360203398763.16 64286008350872.38 64191762627290.805 64077967547742.59 
 63945150961808.09 63793822944657.54 63624471857818.67 63437638409493.375 
 63233828494451.88 63013534694225.984 62777293570818.91 62525606694776.6 
 62258979670762.69 61977922242421.4 61682963011962.22 61374598550038.734 
 61053356133665.836 60719733698676.3 60374240425603.59 60017405108931.27 
 59649719823219.01 59271711762724.94 58883892226753.04 58486761438060.695 
 58080840160051.01 57666644943710.125 57244669568195.28 56815438691696.45 
 56379459930060.555 55937244726453.49 55489322190577.06 55036173438475.336 
 54578340757696.7 54116335705471.37 53650621721637.33 53181754332161.74 
 52710248109977.53 52236601449786.7 51761326100591.484 51284924849540.88 
 50807931283437.336 50330830743004.43 49854165610112.81 49378438679153.555 
 48904130900354.85 48431793450183.59 47961911511102.13 47495036437039.94 
 47031627030287.945 46572237446167.42 46117338277120.664 45667481945187.74 
 45223190853385.41 44784911902091.734 44353194848582.695 43928580654058.805 
 43511522318750.96 43102572011589.516 42702239429379.07 42311010820114.14 
 41929427144993.086 41557994180812.86 41197182520061.305 40847587948878.445 
 40509668095596.12 40183908863295.96 39870868805387.07 39571036106523.734 
 39284951727886.28 39013087837128.44 38755986553463.27 38514146519391.11 
 38288077909764.6 38078295297514.74 37885317653611.78 37709637560776.86 
 37551788067025.8 37412273072047.234 37291599343865.27 37190290251635.984 
 37108847174444.63 37047784686081.31 37007617536558.31 36977433722124.08 
 36905033068447.81 36728844966408.33 36387311966021.266 35818885425571.664 
 34962000689540.75 33755101639344.04 32136630515977.88 30045027686019.355 
 27418744511408.39 24196417124442.863 20375008756987.28 16089345726825.46 
 11494174766821.79 6744253691684.9795
 ENEIN(1,2) = 64457356250368.18 64446387522002.73 64413833180283.125 
 64360203398763.16 64286008350872.38 64191762627290.805 64077967547742.59 
 63945150961808.09 63793822944657.54 63624471857818.67 63437638409493.375 
 63233828494451.88 63013534694225.984 62777293570818.91 62525606694776.6 
 62258979670762.69 61977922242421.4 61682963011962.22 61374598550038.734 
 61053356133665.836 60719733698676.3 60374240425603.59 60017405108931.27 
 59649719823219.01 59271711762724.94 58883892226753.04 58486761438060.695 
 58080840160051.01 57666644943710.125 57244669568195.28 56815438691696.45 
 56379459930060.555 55937244726453.49 55489322190577.06 55036173438475.336 
 54578340757696.7 54116335705471.37 53650621721637.33 53181754332161.74 
 52710248109977.53 52236601449786.7 51761326100591.484 51284924849540.88 
 50807931283437.336 50330830743004.43 49854165610112.81 49378438679153.555 
 48904130900354.85 48431793450183.59 47961911511102.13 47495036437039.94 
 47031627030287.945 46572237446167.42 46117338277120.664 45667481945187.74 
 45223190853385.41 44784911902091.734 44353194848582.695 43928580654058.805 
 43511522318750.96 43102572011589.516 42702239429379.07 42311010820114.14 
 41929427144993.086 41557994180812.86 41197182520061.305 40847587948878.445 
 40509668095596.12 40183908863295.96 39870868805387.07 39571036106523.734 
 39284951727886.28 39013087837128.44 38755986553463.27 38514146519391.11 
 38288077909764.6 38078295297514.74 37885317653611.78 37709637560776.86 
 37551788067025.8 37412273072047.234 37291599343865.27 37190290251635.984 
 37108847174444.63 37047784686081.31 37007617536558.31 36977433722124.08 
 36905033068447.81 36728844966408.33 36387311966021.266 35818885425571.664 
 34962000689540.75 33755101639344.04 32136630515977.88 30045027686019.355 
 27418744511408.39 24196417124442.863 20375008756987.28 16089345726825.46 
 11494174766821.79 6744253691684.9795
 RTEIN(1,1) = 0.0 0.01 0.02 0.03 0.04 0.05 0.06 0.07 0.08 0.09 0.1 0.11 0.12 
 0.13 0.14 0.15 0.16 0.17 0.18 0.19 0.2 0.21 0.22 0.23 0.24 0.25 0.26 0.27 
 0.28 0.29 0.3 0.31 0.32 0.33 0.34 0.35000000000000003 0.36 0.37 0.38 0.39 
 0.4 0.41000000000000003 0.42 0.43 0.44 0.45 0.46 0.47000000000000003 0.48 
 0.49 0.5 0.51 0.52 0.53 0.54 0.55 0.56 0.5700000000000001 0.58 0.59 0.6 0.61 
 0.62 0.63 0.64 0.65 0.66 0.67 0.68 0.6900000000000001 0.7000000000000001 
 0.71 0.72 0.73 0.74 0.75 0.76 0.77 0.78 0.79 0.8 0.81 0.8200000000000001 
 0.8300000000000001 0.84 0.85 0.86 0.87 0.88 0.89 0.9 0.91 0.92 0.93 
 0.9400000000000001 0.9500000000000001 0.96 0.97 0.98 0.99 1.0
 RTEIN(1,2) = 0.0 0.01 0.02 0.03 0.04 0.05 0.06 0.07 0.08 0.09 0.1 0.11 0.12 
 0.13 0.14 0.15 0.16 0.17 0.18 0.19 0.2 0.21 0.22 0.23 0.24 0.25 0.26 0.27 
 0.28 0.29 0.3 0.31 0.32 0.33 0.34 0.35000000000000003 0.36 0.37 0.38 0.39 
 0.4 0.41000000000000003 0.42 0.43 0.44 0.45 0.46 0.47000000000000003 0.48 
 0.49 0.5 0.51 0.52 0.53 0.54 0.55 0.56 0.5700000000000001 0.58 0.59 0.6 0.61 
 0.62 0.63 0.64 0.65 0.66 0.67 0.68 0.6900000000000001 0.7000000000000001 
 0.71 0.72 0.73 0.74 0.75 0.76 0.77 0.78 0.79 0.8 0.81 0.8200000000000001 
 0.8300000000000001 0.84 0.85 0.86 0.87 0.88 0.89 0.9 0.91 0.92 0.93 
 0.9400000000000001 0.9500000000000001 0.96 0.97 0.98 0.99 1.0
 TEIN(1,1) = 3.752943992614746 3.7519829272902445 3.7491278646787602 
 3.744421004882498 3.73790383273701 3.729618788441002 3.7196083054380713 
 3.7079133991140734 3.6945764993265517 3.6796398218906696 3.6631455447106096 
 3.645135163145163 3.6256508773096225 3.604734648900682 3.582428933558455 
 3.558775439434578 3.5338160900201814 3.5075922060287628 3.480147620216959 
 3.4515230586093812 3.4217605681121794 3.3909029754914646 3.3589906653869437 
 3.3260677000169196 3.2921745592858005 3.2573535442352295 3.2216477049607364 
 3.1850974956176494 3.1477460906180874 3.1096346057333575 3.0708055963084187 
 3.0313012694879324 2.991163940121341 2.9504347385193808 2.9091563373318072 
 2.8673701035870924 2.825118364041821 2.782443305428115 2.7393862995025535 
 2.6959907385675246 2.6522975229147563 2.608348830680163 2.5641865150061784 
 2.5198526700006045 2.4753901852354545 2.430840200695186 2.386244811079288 
 2.3416464275623343 2.2970864295151836 2.2526069111041904 2.2082502841949463 
 2.164059120094369 2.120073950080638 2.0763381664562996 2.032893035293028 
 1.9897809540320706 1.94704319060525 1.904722183640149 1.8628610870201905 
 1.8215000743952838 1.7806823027683794 1.7404497240787686 1.7008432337135486 
 1.66190634318435 1.623680179816483 1.5862071822379578 1.5495295283318307 
 1.5136883849553677 1.4787266501153098 1.4446859279746374 1.4116082995327124 
 1.3795357265798789 1.3485102333198238 1.3185738885113962 1.28976872273102 
 1.262136697769165 1.2357196562071409 1.210560155882188 1.1866995625387498 
 1.16418044477688 1.1430447345834764 1.1231650160907678 1.103740320435581 
 1.0838011158506926 1.062377632040244 1.0385003697261599 1.011199873924395 
 0.9795063896968745 0.9424504447113349 0.8990625070256174 0.8483729258567767 
 0.789772434851236 0.7238339741998466 0.6513729633378191 0.5732046173715343 
 0.49014433020380993 0.4030074361232762 0.312609219374303 0.2197650371121007 
 0.12529017139031287 0.02999999932944775
 TEIN(1,2) = 3.752943992614746 3.7519829272902445 3.7491278646787602 
 3.744421004882498 3.73790383273701 3.729618788441002 3.7196083054380713 
 3.7079133991140734 3.6945764993265517 3.6796398218906696 3.6631455447106096 
 3.645135163145163 3.6256508773096225 3.604734648900682 3.582428933558455 
 3.558775439434578 3.5338160900201814 3.5075922060287628 3.480147620216959 
 3.4515230586093812 3.4217605681121794 3.3909029754914646 3.3589906653869437 
 3.3260677000169196 3.2921745592858005 3.2573535442352295 3.2216477049607364 
 3.1850974956176494 3.1477460906180874 3.1096346057333575 3.0708055963084187 
 3.0313012694879324 2.991163940121341 2.9504347385193808 2.9091563373318072 
 2.8673701035870924 2.825118364041821 2.782443305428115 2.7393862995025535 
 2.6959907385675246 2.6522975229147563 2.608348830680163 2.5641865150061784 
 2.5198526700006045 2.4753901852354545 2.430840200695186 2.386244811079288 
 2.3416464275623343 2.2970864295151836 2.2526069111041904 2.2082502841949463 
 2.164059120094369 2.120073950080638 2.0763381664562996 2.032893035293028 
 1.9897809540320706 1.94704319060525 1.904722183640149 1.8628610870201905 
 1.8215000743952838 1.7806823027683794 1.7404497240787686 1.7008432337135486 
 1.66190634318435 1.623680179816483 1.5862071822379578 1.5495295283318307 
 1.5136883849553677 1.4787266501153098 1.4446859279746374 1.4116082995327124 
 1.3795357265798789 1.3485102333198238 1.3185738885113962 1.28976872273102 
 1.262136697769165 1.2357196562071409 1.210560155882188 1.1866995625387498 
 1.16418044477688 1.1430447345834764 1.1231650160907678 1.103740320435581 
 1.0838011158506926 1.062377632040244 1.0385003697261599 1.011199873924395 
 0.9795063896968745 0.9424504447113349 0.8990625070256174 0.8483729258567767 
 0.789772434851236 0.7238339741998466 0.6513729633378191 0.5732046173715343 
 0.49014433020380993 0.4030074361232762 0.312609219374303 0.2197650371121007 
 0.12529017139031287 0.02999999932944775
 RTIIN(1,1) = 0.0 0.01 0.02 0.03 0.04 0.05 0.06 0.07 0.08 0.09 0.1 0.11 0.12 
 0.13 0.14 0.15 0.16 0.17 0.18 0.19 0.2 0.21 0.22 0.23 0.24 0.25 0.26 0.27 
 0.28 0.29 0.3 0.31 0.32 0.33 0.34 0.35000000000000003 0.36 0.37 0.38 0.39 
 0.4 0.41000000000000003 0.42 0.43 0.44 0.45 0.46 0.47000000000000003 0.48 
 0.49 0.5 0.51 0.52 0.53 0.54 0.55 0.56 0.5700000000000001 0.58 0.59 0.6 0.61 
 0.62 0.63 0.64 0.65 0.66 0.67 0.68 0.6900000000000001 0.7000000000000001 
 0.71 0.72 0.73 0.74 0.75 0.76 0.77 0.78 0.79 0.8 0.81 0.8200000000000001 
 0.8300000000000001 0.84 0.85 0.86 0.87 0.88 0.89 0.9 0.91 0.92 0.93 
 0.9400000000000001 0.9500000000000001 0.96 0.97 0.98 0.99 1.0
 RTIIN(1,2) = 0.0 0.01 0.02 0.03 0.04 0.05 0.06 0.07 0.08 0.09 0.1 0.11 0.12 
 0.13 0.14 0.15 0.16 0.17 0.18 0.19 0.2 0.21 0.22 0.23 0.24 0.25 0.26 0.27 
 0.28 0.29 0.3 0.31 0.32 0.33 0.34 0.35000000000000003 0.36 0.37 0.38 0.39 
 0.4 0.41000000000000003 0.42 0.43 0.44 0.45 0.46 0.47000000000000003 0.48 
 0.49 0.5 0.51 0.52 0.53 0.54 0.55 0.56 0.5700000000000001 0.58 0.59 0.6 0.61 
 0.62 0.63 0.64 0.65 0.66 0.67 0.68 0.6900000000000001 0.7000000000000001 
 0.71 0.72 0.73 0.74 0.75 0.76 0.77 0.78 0.79 0.8 0.81 0.8200000000000001 
 0.8300000000000001 0.84 0.85 0.86 0.87 0.88 0.89 0.9 0.91 0.92 0.93 
 0.9400000000000001 0.9500000000000001 0.96 0.97 0.98 0.99 1.0
 TIIN(1,1) = 4.746636867523193 4.743631362814728 4.734776019559042 
 4.72031736261791 4.70050000946981 4.675569059487377 4.6457681613040345 
 4.611343384876361 4.572538845401969 4.529600636291208 4.48277188071348 
 4.432299134009059 4.3784270137952666 4.321399660851385 4.261462215259147 
 4.1988592528044055 4.133836722579389 4.066638958719336 3.997509767981269 
 3.9266967602904637 3.8544419028901227 3.78099150579276 3.7065904051360734 
 3.631483586273017 3.555915553505148 3.480131149291992 3.4043757194343027 
 3.3288937422028693 3.2539310544227824 3.179731069106136 3.106539097499398 
 3.034600990100201 2.964160869437836 2.895463555404675 2.8287542100812315 
 2.7642781357686177 2.70227917758338 2.6429989613709934 2.586536381216378 
 2.5328122820394 2.4817383585937485 2.433223945887008 2.387180031176424 
 2.3435182875287284 2.302148332538943 2.262980892560882 2.225926429283708 
 2.190895314927577 2.157799447855262 2.126547842357921 2.0970520973205566 
 2.0692219476523808 2.0429691782231965 2.0182031897169805 1.994835663855678 
 1.9727760808855197 1.9519360113762663 1.932225571267735 1.9135548764994745 
 1.8958353543142297 1.8789773379873318 1.8628913389258273 1.847488529730237 
 1.8326780726652618 1.818371991020591 1.8044805199446896 1.7909133786993252 
 1.777581713867722 1.7643976305647817 1.7512693373811903 1.7381081423504854 
 1.7248260687621453 1.7113316449445626 1.697536495183934 1.6833522457318992 
 1.668687343597412 1.6534535736503024 1.6375612902495467 1.6209210861734347 
 1.6034443763151076 1.5850402342059247 1.5656207847492918 1.5450954286295262 
 1.5233753546696953 1.5003706788097677 1.4759927394107988 1.4501517199444105 
 1.4227575198131002 1.3937218046779032 1.362955167315979 1.330367485248003 
 1.2958699208209175 1.258943266100552 1.2163923122628881 1.1639927485933041 
 1.0975174015533393 1.0127400511534108 0.9054333997773037 0.7713709315282216 
 0.6063260958244684 0.40898165106773376
 TIIN(1,2) = 4.746636867523193 4.743631362814728 4.734776019559042 
 4.72031736261791 4.70050000946981 4.675569059487377 4.6457681613040345 
 4.611343384876361 4.572538845401969 4.529600636291208 4.48277188071348 
 4.432299134009059 4.3784270137952666 4.321399660851385 4.261462215259147 
 4.1988592528044055 4.133836722579389 4.066638958719336 3.997509767981269 
 3.9266967602904637 3.8544419028901227 3.78099150579276 3.7065904051360734 
 3.631483586273017 3.555915553505148 3.480131149291992 3.4043757194343027 
 3.3288937422028693 3.2539310544227824 3.179731069106136 3.106539097499398 
 3.034600990100201 2.964160869437836 2.895463555404675 2.8287542100812315 
 2.7642781357686177 2.70227917758338 2.6429989613709934 2.586536381216378 
 2.5328122820394 2.4817383585937485 2.433223945887008 2.387180031176424 
 2.3435182875287284 2.302148332538943 2.262980892560882 2.225926429283708 
 2.190895314927577 2.157799447855262 2.126547842357921 2.0970520973205566 
 2.0692219476523808 2.0429691782231965 2.0182031897169805 1.994835663855678 
 1.9727760808855197 1.9519360113762663 1.932225571267735 1.9135548764994745 
 1.8958353543142297 1.8789773379873318 1.8628913389258273 1.847488529730237 
 1.8326780726652618 1.818371991020591 1.8044805199446896 1.7909133786993252 
 1.777581713867722 1.7643976305647817 1.7512693373811903 1.7381081423504854 
 1.7248260687621453 1.7113316449445626 1.697536495183934 1.6833522457318992 
 1.668687343597412 1.6534535736503024 1.6375612902495467 1.6209210861734347 
 1.6034443763151076 1.5850402342059247 1.5656207847492918 1.5450954286295262 
 1.5233753546696953 1.5003706788097677 1.4759927394107988 1.4501517199444105 
 1.4227575198131002 1.3937218046779032 1.362955167315979 1.330367485248003 
 1.2958699208209175 1.258943266100552 1.2163923122628881 1.1639927485933041 
 1.0975174015533393 1.0127400511534108 0.9054333997773037 0.7713709315282216 
 0.6063260958244684 0.40898165106773376
 RANGROT(1,1) = 0.0 0.01 0.02 0.03 0.04 0.05 0.06 0.07 0.08 0.09 0.1 0.11 
 0.12 0.13 0.14 0.15 0.16 0.17 0.18 0.19 0.2 0.21 0.22 0.23 0.24 0.25 0.26 
 0.27 0.28 0.29 0.3 0.31 0.32 0.33 0.34 0.35000000000000003 0.36 0.37 0.38 
 0.39 0.4 0.41000000000000003 0.42 0.43 0.44 0.45 0.46 0.47000000000000003 
 0.48 0.49 0.5 0.51 0.52 0.53 0.54 0.55 0.56 0.5700000000000001 0.58 0.59 0.6 
 0.61 0.62 0.63 0.64 0.65 0.66 0.67 0.68 0.6900000000000001 
 0.7000000000000001 0.71 0.72 0.73 0.74 0.75 0.76 0.77 0.78 0.79 0.8 0.81 
 0.8200000000000001 0.8300000000000001 0.84 0.85 0.86 0.87 0.88 0.89 0.9 0.91 
 0.92 0.93 0.9400000000000001 0.9500000000000001 0.96 0.97 0.98 0.99 1.0
 RANGROT(1,2) = 0.0 0.01 0.02 0.03 0.04 0.05 0.06 0.07 0.08 0.09 0.1 0.11 
 0.12 0.13 0.14 0.15 0.16 0.17 0.18 0.19 0.2 0.21 0.22 0.23 0.24 0.25 0.26 
 0.27 0.28 0.29 0.3 0.31 0.32 0.33 0.34 0.35000000000000003 0.36 0.37 0.38 
 0.39 0.4 0.41000000000000003 0.42 0.43 0.44 0.45 0.46 0.47000000000000003 
 0.48 0.49 0.5 0.51 0.52 0.53 0.54 0.55 0.56 0.5700000000000001 0.58 0.59 0.6 
 0.61 0.62 0.63 0.64 0.65 0.66 0.67 0.68 0.6900000000000001 
 0.7000000000000001 0.71 0.72 0.73 0.74 0.75 0.76 0.77 0.78 0.79 0.8 0.81 
 0.8200000000000001 0.8300000000000001 0.84 0.85 0.86 0.87 0.88 0.89 0.9 0.91 
 0.92 0.93 0.9400000000000001 0.9500000000000001 0.96 0.97 0.98 0.99 1.0
 ANGROTIN(1,1) = 166172.625 166097.17187247987 165874.21873762168 
 165508.93747163174 165006.39057485078 164371.78130158238 163610.1873902999 
 162726.79690295836 161726.70293671932 160615.0160407232 159396.95331375464 
 158077.5467935923 156661.98398349443 155155.43676170165 153562.95322226736 
 151889.68851937525 150140.827487199 148321.4534560699 146436.72011927 
 144491.74952980364 142491.65685342628 140441.60801633736 138346.7028729254 
 136212.1258977744 134042.951953531 131844.375 129621.44318345864 
 127379.36960050352 125123.23464448158 122858.2012333353 120589.39332881868 
 118321.94585232656 116060.99057450089 113811.64356356004 111579.03204450481 
 109368.34244042906 107184.67497561255 105033.13382946284 102918.8974395683 
 100847.07519563613 98822.7980656559 96851.2024303954 94937.42721993163 
 93086.6106740093 91303.85895886926 89594.31832236826 87963.13413792111 
 86415.42950843641 84956.33442401492 83590.97781572114 82324.4296875 
 81157.6161215005 80084.91210391135 79100.13011699624 78197.07997816865 
 77369.55563083098 76611.39861040267 75916.39796163201 75278.34272927593 
 74691.08445814207 74148.42312137625 73644.14132258763 73172.06271872032 
 72726.02322964082 72299.78846268724 71887.20215027682 71482.06356087975 
 71078.17255317385 70669.32842134245 70249.39052285418 69812.11665258394 
 69351.33491791546 68860.8686402585 68334.51666752332 67766.08650167828 
 67149.3828125 66478.22589475875 65746.4047932092 64947.751521382255 
 64076.06835795946 63125.18477602485 62088.86744503319 60960.96400348893 
 59735.26349615414 58405.582311433755 56965.63248120893 55401.56093421551 
 53686.46960841839 51792.198268617314 49690.56324031589 47353.404286458026 
 44752.54233967855 41859.809768337625 38647.029759840516 35086.030358375756 
 31148.65132692319 26806.70899510112 22036.27783522908 16891.687780577056 
 11496.095048545258 5974.998535156249
 ANGROTIN(1,2) = 166172.625 166097.17187247987 165874.21873762168 
 165508.93747163174 165006.39057485078 164371.78130158238 163610.1873902999 
 162726.79690295836 161726.70293671932 160615.0160407232 159396.95331375464 
 158077.5467935923 156661.98398349443 155155.43676170165 153562.95322226736 
 151889.68851937525 150140.827487199 148321.4534560699 146436.72011927 
 144491.74952980364 142491.65685342628 140441.60801633736 138346.7028729254 
 136212.1258977744 134042.951953531 131844.375 129621.44318345864 
 127379.36960050352 125123.23464448158 122858.2012333353 120589.39332881868 
 118321.94585232656 116060.99057450089 113811.64356356004 111579.03204450481 
 109368.34244042906 107184.67497561255 105033.13382946284 102918.8974395683 
 100847.07519563613 98822.7980656559 96851.2024303954 94937.42721993163 
 93086.6106740093 91303.85895886926 89594.31832236826 87963.13413792111 
 86415.42950843641 84956.33442401492 83590.97781572114 82324.4296875 
 81157.6161215005 80084.91210391135 79100.13011699624 78197.07997816865 
 77369.55563083098 76611.39861040267 75916.39796163201 75278.34272927593 
 74691.08445814207 74148.42312137625 73644.14132258763 73172.06271872032 
 72726.02322964082 72299.78846268724 71887.20215027682 71482.06356087975 
 71078.17255317385 70669.32842134245 70249.39052285418 69812.11665258394 
 69351.33491791546 68860.8686402585 68334.51666752332 67766.08650167828 
 67149.3828125 66478.22589475875 65746.4047932092 64947.751521382255 
 64076.06835795946 63125.18477602485 62088.86744503319 60960.96400348893 
 59735.26349615414 58405.582311433755 56965.63248120893 55401.56093421551 
 53686.46960841839 51792.198268617314 49690.56324031589 47353.404286458026 
 44752.54233967855 41859.809768337625 38647.029759840516 35086.030358375756 
 31148.65132692319 26806.70899510112 22036.27783522908 16891.687780577056 
 11496.095048545258 5974.998535156249
 RZEFFIN(1,1) = 0.0 0.01 0.02 0.03 0.04 0.05 0.06 0.07 0.08 0.09 0.1 0.11 
 0.12 0.13 0.14 0.15 0.16 0.17 0.18 0.19 0.2 0.21 0.22 0.23 0.24 0.25 0.26 
 0.27 0.28 0.29 0.3 0.31 0.32 0.33 0.34 0.35000000000000003 0.36 0.37 0.38 
 0.39 0.4 0.41000000000000003 0.42 0.43 0.44 0.45 0.46 0.47000000000000003 
 0.48 0.49 0.5 0.51 0.52 0.53 0.54 0.55 0.56 0.5700000000000001 0.58 0.59 0.6 
 0.61 0.62 0.63 0.64 0.65 0.66 0.67 0.68 0.6900000000000001 
 0.7000000000000001 0.71 0.72 0.73 0.74 0.75 0.76 0.77 0.78 0.79 0.8 0.81 
 0.8200000000000001 0.8300000000000001 0.84 0.85 0.86 0.87 0.88 0.89 0.9 0.91 
 0.92 0.93 0.9400000000000001 0.9500000000000001 0.96 0.97 0.98 0.99 1.0
 RZEFFIN(1,2) = 0.0 0.01 0.02 0.03 0.04 0.05 0.06 0.07 0.08 0.09 0.1 0.11 
 0.12 0.13 0.14 0.15 0.16 0.17 0.18 0.19 0.2 0.21 0.22 0.23 0.24 0.25 0.26 
 0.27 0.28 0.29 0.3 0.31 0.32 0.33 0.34 0.35000000000000003 0.36 0.37 0.38 
 0.39 0.4 0.41000000000000003 0.42 0.43 0.44 0.45 0.46 0.47000000000000003 
 0.48 0.49 0.5 0.51 0.52 0.53 0.54 0.55 0.56 0.5700000000000001 0.58 0.59 0.6 
 0.61 0.62 0.63 0.64 0.65 0.66 0.67 0.68 0.6900000000000001 
 0.7000000000000001 0.71 0.72 0.73 0.74 0.75 0.76 0.77 0.78 0.79 0.8 0.81 
 0.8200000000000001 0.8300000000000001 0.84 0.85 0.86 0.87 0.88 0.89 0.9 0.91 
 0.92 0.93 0.9400000000000001 0.9500000000000001 0.96 0.97 0.98 0.99 1.0
 ZEFFIN(1,1) = 1.8044082407802016 1.8043809822235721 1.8043009025963497 
 1.804171204377134 1.803995004308308 1.8037750992485844 1.8035145189868997 
 1.8032155278865396 1.8028812802734862 1.802514731554166 1.8021185444101 
 1.8016951049935706 1.8012472273472713 1.8007777687689936 1.8002899297719426 
 1.7997854348462767 1.7992679015198643 1.7987408514854055 1.7982053196300478 
 1.797665747044821 1.7971245745058306 1.796585568352237 1.7960512717468002 
 1.795525815691592 1.7950119441201124 1.7945140713247574 1.794034973817278 
 1.7935785081051523 1.7931498147173053 1.7927525743929684 1.7923903316704306 
 1.7920676926469872 1.7917899663220407 1.7915610076380977 1.7913871148290865 
 1.791273779375597 1.7912241164704652 1.7912466403003493 1.7913449302942641 
 1.7915262840127708 1.7917969683451802 1.7921641020061658 1.7926334250145541 
 1.7932126798073413 1.7939096036853488 1.794731938927155 1.7956867366821394 
 1.7967820722754206 1.7980270493587895 1.7994305047422061 1.8010003487783868 
 1.8027471883366637 1.8046782057198403 1.806805276884575 1.8091363376795642 
 1.811683298695456 1.8144532106227396 1.817458250332469 1.8207071313397647 
 1.824212171733464 1.827981963835996 1.8320253118236525 1.836354587997209 
 1.8409785815222162 1.8459055879754143 1.8511461520266481 1.8567085621576793 
 1.862598266741291 1.8688274933708537 1.875401802711416 1.882324037973295 
 1.8896027710561922 1.8972402796579138 1.9052405085497774 1.9136059598064405 
 1.9223369835467585 1.9314336554007598 1.9408923394675421 1.9507103676524495 
 1.9608840933370995 1.9714053405273728 1.9822646978311664 1.9934531533492221 
 2.004958530845817 2.0167676511955337 2.02886428372896 2.041552540624727 
 2.056333392610471 2.0750853123715425 2.099901085868692 2.133257803720619 
 2.1782433037541007 2.2354400117945707 2.300983642846548 2.3709603185379793 
 2.441445953772988 2.5077380162461256 2.5580118665260576 2.5530083735149893 
 2.382032126119284 1.6112209716984225
 ZEFFIN(1,2) = 1.8044082407802016 1.8043809822235721 1.8043009025963497 
 1.804171204377134 1.803995004308308 1.8037750992485844 1.8035145189868997 
 1.8032155278865396 1.8028812802734862 1.802514731554166 1.8021185444101 
 1.8016951049935706 1.8012472273472713 1.8007777687689936 1.8002899297719426 
 1.7997854348462767 1.7992679015198643 1.7987408514854055 1.7982053196300478 
 1.797665747044821 1.7971245745058306 1.796585568352237 1.7960512717468002 
 1.795525815691592 1.7950119441201124 1.7945140713247574 1.794034973817278 
 1.7935785081051523 1.7931498147173053 1.7927525743929684 1.7923903316704306 
 1.7920676926469872 1.7917899663220407 1.7915610076380977 1.7913871148290865 
 1.791273779375597 1.7912241164704652 1.7912466403003493 1.7913449302942641 
 1.7915262840127708 1.7917969683451802 1.7921641020061658 1.7926334250145541 
 1.7932126798073413 1.7939096036853488 1.794731938927155 1.7956867366821394 
 1.7967820722754206 1.7980270493587895 1.7994305047422061 1.8010003487783868 
 1.8027471883366637 1.8046782057198403 1.806805276884575 1.8091363376795642 
 1.811683298695456 1.8144532106227396 1.817458250332469 1.8207071313397647 
 1.824212171733464 1.827981963835996 1.8320253118236525 1.836354587997209 
 1.8409785815222162 1.8459055879754143 1.8511461520266481 1.8567085621576793 
 1.862598266741291 1.8688274933708537 1.875401802711416 1.882324037973295 
 1.8896027710561922 1.8972402796579138 1.9052405085497774 1.9136059598064405 
 1.9223369835467585 1.9314336554007598 1.9408923394675421 1.9507103676524495 
 1.9608840933370995 1.9714053405273728 1.9822646978311664 1.9934531533492221 
 2.004958530845817 2.0167676511955337 2.02886428372896 2.041552540624727 
 2.056333392610471 2.0750853123715425 2.099901085868692 2.133257803720619 
 2.1782433037541007 2.2354400117945707 2.300983642846548 2.3709603185379793 
 2.441445953772988 2.5077380162461256 2.5580118665260576 2.5530083735149893 
 2.382032126119284 1.6112209716984225
 /
 &NAMELIS2
 IYOKA = 1
 ISHOT = 136525
 ITIME = 2.6950000000000003
 FE_TK = 1.5
 IZSTRP = 2*1
 IRFPLT = 0
 TORAY_VERSION = 1.8
 TORAY_PATH = '/fusion/projects/codes/toray/toray/xtoray'
 RFON = 6*-1.0
 RFTIME = 6*-1.0
 IRFCUR = 6*1
 FREQ = 6*110000000000.0
 WRFO = 6*0.0
 GAFSEP = 1e-06
 RELRF = 0.25
 HLWEC = 6*1.7
 RATWEC = 6*1.0
 RFMODE = 6*'ech'
 RFPOW = 6*0.0
 THETEC = 6*0.0
 PHAIEC = 6*0.0
 XEC = 6*0.0
 ZEC = 6*0.0
 NRAY = 6*30
 IDAMP = 6*8
 NECSMTH = 3
 QRADR = 0.0 0.01 0.02 0.03 0.04 0.05 0.06 0.07 0.08 0.09 0.1 0.11 0.12 0.13 
 0.14 0.15 0.16 0.17 0.18 0.19 0.2 0.21 0.22 0.23 0.24 0.25 0.26 0.27 0.28 
 0.29 0.3 0.31 0.32 0.33 0.34 0.35000000000000003 0.36 0.37 0.38 0.39 0.4 
 0.41000000000000003 0.42 0.43 0.44 0.45 0.46 0.47000000000000003 0.48 0.49 
 0.5 0.51 0.52 0.53 0.54 0.55 0.56 0.5700000000000001 0.58 0.59 0.6 0.61 0.62 
 0.63 0.64 0.65 0.66 0.67 0.68 0.6900000000000001 0.7000000000000001 0.71 
 0.72 0.73 0.74 0.75 0.76 0.77 0.78 0.79 0.8 0.81 0.8200000000000001 
 0.8300000000000001 0.84 0.85 0.86 0.87 0.88 0.89 0.9 0.91 0.92 0.93 
 0.9400000000000001 0.9500000000000001 0.96 0.97 0.98 0.99 1.0
 QRADIN = -1.1801456821558531e-05 1.68775374775714e-05 4.555653268619603e-05 
 7.423552855052354e-05 0.00013258989776757262 0.00020418784114481582 
 0.0002904690752988823 0.00039272158429955656 0.0005102873769185991 
 0.0006420362710178956 0.0007885911391155607 0.0009474822535599811 
 0.0011219820492589642 0.001309525663714232 0.001512139673968519 
 0.0017264234911454164 0.0019551781848711797 0.002198035784298439 
 0.002452863193143398 0.0027217786485891036 0.0030052821688089657 
 0.0032996607126565616 0.0036084354299776703 0.003930738989923622 
 0.004266251993443157 0.004615324549376965 0.004978197978971334 
 0.005354177727225884 0.005744343110553167 0.006148046225288429 
 0.006565967533841755 0.0069981090608759134 0.0074445128891467115 
 0.007905596252866026 0.008381743742546242 0.008872364013377093 
 0.009378599199074482 0.009900494226086964 0.010438129566029875 
 0.010992054700229327 0.011562502597995116 0.012149877128029046 
 0.012754554733317918 0.013376922826333031 0.0140177031665244 
 0.014676504633822305 0.015354646727219465 0.016052316958614452 
 0.016770069337050116 0.017508461357148685 0.01826830953359604 
 0.019049514840683835 0.01985330103849467 0.020680208295901302 
 0.02153094486531112 0.022406143009474112 0.023306621020830243 
 0.02423321150405156 0.025186527271652062 0.026167639347088056 
 0.027177215905989652 0.028216395881710245 0.029286076728605722 
 0.03038725496452646 0.0315207780958828 0.03268797232948973 
 0.033889983376099275 0.03512771218008396 0.03640259709800623 
 0.03771591218299418 0.03906874522337235 0.040462675746320634 
 0.04189904734591226 0.043379311377770756 0.044904975606086736 
 0.046477772295475006 0.04809900157673439 0.04977069746350055 
 0.05149454006660494 0.05327228069378456 0.05510583297966921 
 0.056997194428240944 0.058948469834499 0.06096198378542001 
 0.06303921150216518 0.06518310534285779 0.06739590740507538 
 0.06967998930434761 0.07203789914634427 0.07447231914789955 
 0.07698628167716172 0.07955974416697645 0.0820869688259915 
 0.08443897060941576 0.08648612393270196 0.08810088190202602 
 0.08915156985533434 0.08950898796319519 0.089036257428465 0.0876135992458115 
 0.08509684354066849
 NQRAD = 101
 GENRAY_PATH = '/task/imd/genray/xgenray'
!----------------------------------------
! NFREYA
 NBEAMS = 2
! Number of neutral beam injectors (1 or 2)
 NSOURC = 2
! Number of sources per beamline.
 NAMEB = 'd'
! Name of neutral species in beam :
! 'h', 'd', 't', 'dt'
 FDBEAM = 1.0
! Fraction of deuterium atoms in neutral beam.
 BEAMON = 0.5005
! Time[sec] at which beam heating is turned on
! for all sources of beam line i
 BTIME = 4.6945
! Time interval[sec] during which beam heating
! is on. This is the pulse length for each pulse
! from all sources associated with beam line i
 TIMBPLT = 0.0
! Times (up to ntimbplt) to produce data for Freya-
! like plots of beam deposition. Output is processed
! by the NUBPLT code.
 ITERATE_BEAM = .False.
! allow up to imaxbeamconvg iterations.
 IMAXBEAMCONVG = 15
! if (time_dep_beam = 1) or (nubeam is selected)
! then 'false' is set internally
! IDDCAL = 3
! Flag controlling treatment of beam effects on fuscal
! the calculated fusion neutron rate:
!   0 = do not include knock-on or beam-d neutrons in fuscal
!   1 = include only knock-on neutrons in fuscal
!   2 = include only beam-d neutrons in fuscal
!   3 = include both knock-on and beam-d neutrons in fuscal (default)
! IBCX = 1
! Flag for secondary charge exchange between fast ions and
! thermal neutrals
!   1, include secondary charge exchange (default)
!   0, neglect secondary charge exchange
!   NOTE: thermal ion particle source due to secondary charge
!         exchange is not included in the ion density equation
!         independent of the setting of ibcx.
! RELNUB = 0.1
! Minimum relative change in ion density or electron temperature
! between neutral beam calculations (0.10 is suggested)
 EBKEV = 74.4797 81.4034
! Maximum particle energy in source (keV). Required.
 BPTOR = 3254540.0 540852.0
! Total power [w] through aperture into torus. Required.
 ANGLEH = 2*19.5
!
 ANGLEV = 2*0.0
 FBCUR = 0.8 0.14 0.06 0.8 0.14 0.06
! Fraction of current at energy ebkev/ie
! Note that this is the current fraction at the source
! before it enters the neutralizer.
 SFRAC1 = 0.129243 0.0
! Fraction of source current per beamline coming
! from upper source (used only for nsourc = 2)
 NPART = 50000
! Number of particles followed into plasma (suggest 10000)
 NPSKIP = 1
! Ratio of number of particles followed into plasma
! to number of source particles (suggest 1)
! npskip =1 is set in Nfreya if this is a parallel run
! with more than one processor
! * npskip=5 used for Snap-mode
 IBCUR = 1
! Flag for neutral beam driven current
!   1:include  0:neglect
! IBORB = 1
! Flag for modeling orbit effects on beam-generated fast ions
!   1 : do model orbit effects (this is the original method)
!   3 : use Monte Carlo Code MCGO to model fast ion slowing down(time-consuming)
 ANGRCPLE = 1.0
! multiplier for energy flux due to angular rotation in ion
! energy equation.
 NBEAMTCX = 1
! switch used to determine the form of the beam torque.
! 1 : the transfer of angular momentum from fast ions to
!     thermal ions and electrons is modified to account for
!     the cx losses (done with array ssprcxl)
! Need to think if this is also added into nubeam
! IEXCIT = 5
! Switch for atomic cross section data and model
!  0: (default) standard atomic data used. Outdated.
!  5: Use the JET-ADAS effective stopping cross sections
!     Prefered one. All ions considered fully stripped
! Need to think which way is better? here or into fusion part
! Switch for Fusion
!  1: Calculate sources and sinks associated with fusion
!  0: Do not calculate (Turned off)
!     NOTE THAT ifus=1 IS DEFAULT, so use this switch
!     to turn fusion calcs off.
! -1:
! Use new (thermal) d(d,n)he3 rate coefficient
! (highly recommended but not the default since we wish
! to remain comensurate with other input)
! The thermal rate and beam thermal rates are done with
! the Bosch+Hale cross sections, independently of this switch
! See the next IDDFUSB
! Switch for BEAM-THERMAL ION FUSION
! If IDDFUSB==1, then following flags are used;
!  - IDDFUSB_S, IDDFUSB_BULK, ICALC_CXFACTOR so on
! 1: Use more refined model which includes bulk and
!    thermal motion of ions by following flags;
!    -
! 1: Include bluk motion
! ICALC_CXFACTOR = 1
! 1: Do the charge exchange probability integral
!    instead of assuming it to be constant
!    (can be very time consuming, especially with 8 beamlets)
 HDEPSMTH = 100
 IDDFUSB_BULK = 1
 IDDFUSB_S = 1
 IDDFUSB = 1
 IDDFUSRATE = 1
 ICALC_CXFACTOR = 0
 IEXCIT = 5
 NUBEAM_PATH = '/fusion/projects/codes/nubeam/bin/d3d_nubeam_driver.py -n1 -t 2.695'
 /
 &NAMELIS3
 IFIXSHAP = 1
 XDIM = 170.0
 YDIM = 320.0
 REDGE = 84.0
 EQDSKIN = 'g136525.02705'
 IRGUESS = -99
 ITORFLUSE = 1
 ITERDB = 1
 NLIMITER = -1
 create_gcnmp_input = .True.
 write_ITERDB_txt = .False.
 ieqdsk = -1
 /
