  6-Mar-21 11/23/2020
 136525               1
   2705
*2705.000             1               0 SNB   3   2 CLC    40   41
  0.473467695E+02 0.169550000E+03-0.209213559E+01 0.998061063E+06
  0.995286344E+06 0.165299379E+03-0.827909272E+01 0.577826118E+02
  0.185859756E+01 0.441622984E+00 0.676998640E+00 0.177596997E+08
  0.170322583E+03-0.191887133E+01 0.910365525E+01 0.154813704E+01
  0.126489178E+01 0.922757074E+00 0.591676765E+01 0.123180087E+02
  0.254146360E+02 0.127800395E+02 0.629669849E+01-0.478943236E+00
  0.203218968E+03 0.133326168E+03 0.898311465E+02
  0.367302940E+14 0.488309004E+14 0.460736523E+14
  0.115565224E+03 0.113632845E+03
  0.512425147E+14
  0.362359212E+01 0.237407489E+00 0.219901142E+01 0.240113855E+01
  0.766059654E+00 0.115016513E+02-0.500000000E+02-0.500000000E+02
 -0.500000000E+02 0.705449837E-01 0.177872614E+05 0.755664841E+06
  0.946879723E-03 0.127994912E+01 0.107414259E+01 0.263319562E-02
  0.141556312E+01 0.162437355E+03 0.000000000E+00 0.000000000E+00
  0.126180630E+03-0.115673714E+03 0.125326602E+03 0.113928886E+03
  0.930495341E+01-0.500000000E+02-0.204692487E+01-0.203742631E+01
  0.100000000E+03 0.315889375E+02 0.391729342E+02 0.591676765E+01
  0.174102782E+03-0.485317029E+00 0.303701659E+00 0.000000000E+00
  0.124978245E+01 0.152964429E+01 0.746638303E+06 0.224361144E-05
 -0.335576162E-01 0.000000000E+00 0.122076403E+01 0.100000000E+02
    44   76   18    6
  0.115726693E-01 0.102237232E-01 0.298961552E-01 0.459975152E-01
  0.822919108E-01-0.175646571E+00-0.220051879E+00 0.121569298E+00
 -0.460166793E-01 0.107190038E-01 0.328712478E-02 0.310189393E-01
  0.539295531E-01 0.963905037E-01-0.200011074E+00-0.208426142E+00
  0.127115522E+00-0.399584253E-01 0.220704098E-01 0.192237700E-01
  0.255090515E-01 0.403632184E-01 0.605311029E-01 0.920148280E-01
 -0.336569312E-01-0.185141315E+00-0.169134586E+00-0.200811278E+00
 -0.150354075E+00 0.155806184E-01 0.226893265E-01 0.452264947E-01
  0.697554839E-01 0.101336491E+00-0.526657456E-01-0.172289898E+00
 -0.153407436E+00-0.226647594E+00-0.168237032E+00 0.739783250E-01
  0.935423241E-02 0.624592430E-01 0.224041733E-01-0.181540489E-01
  0.318479566E+00 0.314384705E+00 0.261744510E+00 0.120926539E+00
  0.748716929E-01-0.280003596E-01-0.130381810E+00 0.354323452E-01
  0.135087420E+00 0.194279873E+00 0.268441592E+00 0.232281124E+00
  0.275818231E+00 0.270708206E+00 0.244656893E+00 0.315925977E+00
  0.292972896E+00 0.137564071E+00 0.789282409E-01-0.513140152E-01
 -0.125936332E+00 0.128404549E-02 0.106453738E+00 0.126734746E+00
  0.223271373E+00 0.262006446E+00 0.239129321E+00 0.303901146E+00
  0.286671342E+00-0.137737773E+00-0.530489746E-01 0.628703510E-01
  0.136271140E+00 0.146451162E+00 0.205960719E+00 0.256749503E+00
  0.230725766E+00 0.239406234E+00 0.270458655E+00 0.242282394E+00
  0.288275026E+00 0.252985532E+00 0.238893750E+00 0.256906502E+00
  0.219982930E+00 0.127022155E+00 0.104860278E+00 0.104526436E-01
 -0.122332220E+00-0.485401684E-01 0.786440745E-01 0.139630378E+00
  0.293438008E+00 0.316177902E+00 0.318387084E+00 0.314439860E+00
  0.263181000E+00 0.126331914E+00 0.748391983E-01-0.350259367E-01
  0.988327622E-01 0.120099024E+00 0.101763660E+00 0.905906047E-01
 -0.676089928E-01-0.421162918E-01-0.136285996E+00-0.166658834E+00
 -0.478673093E-01-0.552799685E-01 0.960022480E-01 0.668616361E-01
  0.426046427E-01 0.472073863E-01 0.747887161E-01 0.843742442E-01
 -0.822024984E+05-0.894618437E+05-0.102051145E+05 0.105354817E+05
  0.668689775E+05-0.157681265E+06-0.213208241E+06 0.193359441E+06
 -0.906990738E+05-0.785567883E+05-0.116319524E+06-0.108621532E+05
  0.182474130E+05 0.913016242E+05-0.193921370E+06-0.196164390E+06
  0.183419683E+06-0.936525986E+05
  0.102168594E+03 0.810698395E+02 0.508556335E+03 0.276043915E+03
  0.300337463E+03 0.120313179E+03
  0.000000000E+00 0.105195854E+03-0.125974596E+03 0.135471821E+03
 -0.136300001E+03 0.000000000E+00 0.000000000E+00 0.000000000E+00
  0.000000000E+00 0.000000000E+00 0.663442218E+02 0.645521313E+01
  0.700398004E+00 0.155961387E+01-0.120573713E+01-0.300823472E+00
 -0.594170643E+00 0.000000000E+00 0.999000000E+03 0.320856849E+01
  0.145919875E+02 0.105061011E+01 0.817332908E+02-0.227240019E+00
  0.416158982E+01 0.712575902E+01 0.362678090E+01 0.169599159E+00
  0.235234949E+00 0.539850438E+00 0.107579500E+01 0.222899540E+01
  0.518813173E+02 0.322796879E+01 0.767604557E+01 0.144362782E+02
  0.295769820E+01 0.180065897E+01 0.820194235E+01 0.448102046E+01
  0.208804647E+01 0.117196299E+03 0.117946130E+03 0.105195854E+03
 -0.125974596E+03 0.135723883E+03 0.134800001E+03 0.135471821E+03
 -0.136300001E+03 0.142186556E+07 0.330976127E+00 0.450063227E+00
  0.146745791E+03 0.169000000E+03 0.000000000E+00 0.714421939E+00
  0.000000000E+00-0.410030828E+01 0.000000000E+00 0.100000000E+11
                                            KIM
