dee    diii-d
Template inone namelist for running onetwo/toray
-------------------------------------------------------
EFITID=EFIT06
RUN DATE=Sun Aug 26 11:41:50 2007
ONETWO VERSION=/p/linux/onetwo/pgf90/onetwov4.26_129_201
RUN_COMMENT = This is output from AUTOONETWO using the profiles made from the 40
0 ms time averaged kinetic efit, EFIT06, for shot 128913
-----------------------
 &NAMELIS1
 RMAJOR =  0.00000
 RMINOR =  60.0000
 BTOR =  0.00000
 TOTCUR =  0.00000
 RIN =  98.5000
 ROUT =  243.000
 ZAX =  0.00000
 NPRIM =  1
 NIMP =  1
 NAMEP = 'd'
 NAMEI = 'c'
 CER_ION = 'c'
 ITENP =  0
 ITTE =  0
 ITTI =  0
 ITXJ =  0
 IANGROT =  1
 ITANGROT =  0
 TAUPIN =  0.500000
 WNEO = 25*1.00000
 WNEOT =  1.00000
 JHIRSH =  2
 RESISTIVE = 'hirshman'
 FTCALC = 'exact'
 INENEZ =  1
 ADJZEFF =  1
 NBCTIM =  1
 BCTIME =  0.00000
 SPLNINPT = 'new'
 NJENE =  51
 RENEIN =   0.00000  0.0200000  0.0400000  0.0600000  0.0800000  0.100000
 0.120000  0.140000  0.160000  0.180000  0.200000  0.220000  0.240000  0.260000
 0.280000  0.300000  0.320000  0.340000  0.360000  0.380000  0.400000  0.420000
 0.440000  0.460000  0.480000  0.500000  0.520000  0.540000  0.560000  0.580000
 0.600000  0.620000  0.640000  0.660000  0.680000  0.700000  0.720000  0.740000
 0.760000  0.780000  0.800000  0.820000  0.840000  0.860000  0.880000  0.900000
 0.920000  0.940000  0.960000  0.980000  1.00000  0.00000  0.00000  0.00000
 0.00000  0.00000  0.00000  0.00000  0.00000  0.00000  0.00000  0.00000  0.00000
 0.00000  0.00000  0.00000  0.00000  0.00000  0.00000  0.00000  0.00000  0.00000
 0.00000  0.00000  0.00000  0.00000  0.00000  0.00000  0.00000  0.00000  0.00000
 0.00000  0.00000  0.00000  0.00000  0.00000  0.00000  0.00000  0.00000  0.00000
 0.00000  0.00000  0.00000  0.00000  0.00000  0.00000  0.00000  0.00000  0.00000
 0.00000  0.00000
 ENEIN =   3.41174e+13  3.40743e+13  3.39486e+13  3.37460e+13  3.34719e+13
 3.31321e+13  3.27320e+13  3.22772e+13  3.17733e+13  3.12260e+13  3.06406e+13
 3.00229e+13  2.93784e+13  2.87127e+13  2.80313e+13  2.73399e+13  2.66440e+13
 2.59491e+13  2.52609e+13  2.45850e+13  2.39268e+13  2.32920e+13  2.26862e+13
 2.21145e+13  2.15771e+13  2.10714e+13  2.05947e+13  2.01444e+13  1.97178e+13
 1.93122e+13  1.89248e+13  1.85532e+13  1.81945e+13  1.78460e+13  1.75052e+13
 1.71693e+13  1.68356e+13  1.65015e+13  1.61643e+13  1.58213e+13  1.54699e+13
 1.51072e+13  1.47308e+13  1.43378e+13  1.39257e+13  1.34916e+13  1.30331e+13
 1.25003e+13  1.16590e+13  1.02300e+13  8.18423e+12  0.00000  0.00000  0.00000
 0.00000  0.00000  0.00000  0.00000  0.00000  0.00000  0.00000  0.00000  0.00000
 0.00000  0.00000  0.00000  0.00000  0.00000  0.00000  0.00000  0.00000  0.00000
 0.00000  0.00000  0.00000  0.00000  0.00000  0.00000  0.00000  0.00000  0.00000
 0.00000  0.00000  0.00000  0.00000  0.00000  0.00000  0.00000  0.00000  0.00000
 0.00000  0.00000  0.00000  0.00000  0.00000  0.00000  0.00000  0.00000  0.00000
 0.00000  0.00000
 NJTE =  51
 RTEIN =   0.00000  0.0200000  0.0400000  0.0600000  0.0800000  0.100000
 0.120000  0.140000  0.160000  0.180000  0.200000  0.220000  0.240000  0.260000
 0.280000  0.300000  0.320000  0.340000  0.360000  0.380000  0.400000  0.420000
 0.440000  0.460000  0.480000  0.500000  0.520000  0.540000  0.560000  0.580000
 0.600000  0.620000  0.640000  0.660000  0.680000  0.700000  0.720000  0.740000
 0.760000  0.780000  0.800000  0.820000  0.840000  0.860000  0.880000  0.900000
 0.920000  0.940000  0.960000  0.980000  1.00000  0.00000  0.00000  0.00000
 0.00000  0.00000  0.00000  0.00000  0.00000  0.00000  0.00000  0.00000  0.00000
 0.00000  0.00000  0.00000  0.00000  0.00000  0.00000  0.00000  0.00000  0.00000
 0.00000  0.00000  0.00000  0.00000  0.00000  0.00000  0.00000  0.00000  0.00000
 0.00000  0.00000  0.00000  0.00000  0.00000  0.00000  0.00000  0.00000  0.00000
 0.00000  0.00000  0.00000  0.00000  0.00000  0.00000  0.00000  0.00000  0.00000
 0.00000  0.00000
 TEIN =   2.60918  2.60322  2.58589  2.55806  2.52059  2.47434  2.42016  2.35892
 2.29146  2.21866  2.14137  2.06045  1.97675  1.89114  1.80448  1.71762  1.63143
 1.54675  1.46446  1.38540  1.31040  1.23960  1.17270  1.10937  1.04930
 0.992171  0.937656  0.885437  0.835195  0.786608  0.739357  0.693122  0.647630
 0.602882  0.558978  0.516019  0.474105  0.433336  0.393813  0.355636  0.318904
 0.283718  0.250179  0.218387  0.188357  0.159871  0.132672  0.106502  0.0811046
 0.0562218  0.0315965  0.00000  0.00000  0.00000  0.00000  0.00000  0.00000
 0.00000  0.00000  0.00000  0.00000  0.00000  0.00000  0.00000  0.00000  0.00000
 0.00000  0.00000  0.00000  0.00000  0.00000  0.00000  0.00000  0.00000  0.00000
 0.00000  0.00000  0.00000  0.00000  0.00000  0.00000  0.00000  0.00000  0.00000
 0.00000  0.00000  0.00000  0.00000  0.00000  0.00000  0.00000  0.00000  0.00000
 0.00000  0.00000  0.00000  0.00000  0.00000  0.00000  0.00000  0.00000
 NJTI =  51
 RTIIN =   0.00000  0.0200000  0.0400000  0.0600000  0.0800000  0.100000
 0.120000  0.140000  0.160000  0.180000  0.200000  0.220000  0.240000  0.260000
 0.280000  0.300000  0.320000  0.340000  0.360000  0.380000  0.400000  0.420000
 0.440000  0.460000  0.480000  0.500000  0.520000  0.540000  0.560000  0.580000
 0.600000  0.620000  0.640000  0.660000  0.680000  0.700000  0.720000  0.740000
 0.760000  0.780000  0.800000  0.820000  0.840000  0.860000  0.880000  0.900000
 0.920000  0.940000  0.960000  0.980000  1.00000  0.00000  0.00000  0.00000
 0.00000  0.00000  0.00000  0.00000  0.00000  0.00000  0.00000  0.00000  0.00000
 0.00000  0.00000  0.00000  0.00000  0.00000  0.00000  0.00000  0.00000  0.00000
 0.00000  0.00000  0.00000  0.00000  0.00000  0.00000  0.00000  0.00000  0.00000
 0.00000  0.00000  0.00000  0.00000  0.00000  0.00000  0.00000  0.00000  0.00000
 0.00000  0.00000  0.00000  0.00000  0.00000  0.00000  0.00000  0.00000  0.00000
 0.00000  0.00000
 TIIN =   1.94142  1.93679  1.92340  1.90196  1.87320  1.83787  1.79668  1.75037
 1.69966  1.64528  1.58797  1.52844  1.46744  1.40568  1.34391  1.28284  1.22320
 1.16574  1.11116  1.06015  1.01278  0.968780  0.927893  0.889851  0.854387
 0.821236  0.790132  0.760809  0.733001  0.706442  0.680867  0.656010  0.631604
 0.607410  0.583308  0.559210  0.535032  0.510686  0.486087  0.461149  0.435785
 0.409910  0.383436  0.356282  0.328453  0.300041  0.271144  0.241858  0.212281
 0.182510  0.152642  0.00000  0.00000  0.00000  0.00000  0.00000  0.00000
 0.00000  0.00000  0.00000  0.00000  0.00000  0.00000  0.00000  0.00000  0.00000
 0.00000  0.00000  0.00000  0.00000  0.00000  0.00000  0.00000  0.00000  0.00000
 0.00000  0.00000  0.00000  0.00000  0.00000  0.00000  0.00000  0.00000  0.00000
 0.00000  0.00000  0.00000  0.00000  0.00000  0.00000  0.00000  0.00000  0.00000
 0.00000  0.00000  0.00000  0.00000  0.00000  0.00000  0.00000  0.00000
 NJZEF =  51
 RZEFFIN =   0.00000  0.0200000  0.0400000  0.0600000  0.0800000  0.100000
 0.120000  0.140000  0.160000  0.180000  0.200000  0.220000  0.240000  0.260000
 0.280000  0.300000  0.320000  0.340000  0.360000  0.380000  0.400000  0.420000
 0.440000  0.460000  0.480000  0.500000  0.520000  0.540000  0.560000  0.580000
 0.600000  0.620000  0.640000  0.660000  0.680000  0.700000  0.720000  0.740000
 0.760000  0.780000  0.800000  0.820000  0.840000  0.860000  0.880000  0.900000
 0.920000  0.940000  0.960000  0.980000  1.00000  0.00000  0.00000  0.00000
 0.00000  0.00000  0.00000  0.00000  0.00000  0.00000  0.00000  0.00000  0.00000
 0.00000  0.00000  0.00000  0.00000  0.00000  0.00000  0.00000  0.00000  0.00000
 0.00000  0.00000  0.00000  0.00000  0.00000  0.00000  0.00000  0.00000  0.00000
 0.00000  0.00000  0.00000  0.00000  0.00000  0.00000  0.00000  0.00000  0.00000
 0.00000  0.00000  0.00000  0.00000  0.00000  0.00000  0.00000  0.00000  0.00000
 0.00000  0.00000
 ZEFFIN =   1.22853  1.22878  1.22951  1.23068  1.23227  1.23426  1.23664
 1.23939  1.24250  1.24594  1.24972  1.25381  1.25819  1.26285  1.26776  1.27289
 1.27820  1.28365  1.28918  1.29473  1.30022  1.30555  1.31061  1.31530  1.31954
 1.32333  1.32666  1.32951  1.33189  1.33380  1.33524  1.33624  1.33681  1.33696
 1.33673  1.33613  1.33520  1.33387  1.33198  1.32935  1.32579  1.32107  1.31496
 1.30717  1.29736  1.28513  1.27000  1.25239  1.23679  1.22935  1.23480  0.00000
 0.00000  0.00000  0.00000  0.00000  0.00000  0.00000  0.00000  0.00000  0.00000
 0.00000  0.00000  0.00000  0.00000  0.00000  0.00000  0.00000  0.00000  0.00000
 0.00000  0.00000  0.00000  0.00000  0.00000  0.00000  0.00000  0.00000  0.00000
 0.00000  0.00000  0.00000  0.00000  0.00000  0.00000  0.00000  0.00000  0.00000
 0.00000  0.00000  0.00000  0.00000  0.00000  0.00000  0.00000  0.00000  0.00000
 0.00000  0.00000  0.00000  0.00000
 RANGROT =   0.00000  0.0200000  0.0400000  0.0600000  0.0800000  0.100000
 0.120000  0.140000  0.160000  0.180000  0.200000  0.220000  0.240000  0.260000
 0.280000  0.300000  0.320000  0.340000  0.360000  0.380000  0.400000  0.420000
 0.440000  0.460000  0.480000  0.500000  0.520000  0.540000  0.560000  0.580000
 0.600000  0.620000  0.640000  0.660000  0.680000  0.700000  0.720000  0.740000
 0.760000  0.780000  0.800000  0.820000  0.840000  0.860000  0.880000  0.900000
 0.920000  0.940000  0.960000  0.980000  1.00000  0.00000  0.00000  0.00000
 0.00000  0.00000  0.00000  0.00000  0.00000  0.00000  0.00000  0.00000  0.00000
 0.00000  0.00000  0.00000  0.00000  0.00000  0.00000  0.00000  0.00000  0.00000
 0.00000  0.00000  0.00000  0.00000  0.00000  0.00000  0.00000  0.00000  0.00000
 0.00000  0.00000  0.00000  0.00000  0.00000  0.00000  0.00000  0.00000  0.00000
 0.00000  0.00000  0.00000  0.00000  0.00000  0.00000  0.00000  0.00000  0.00000
 0.00000  0.00000
 ANGROTIN =   85154.2  84691.5  83421.6  81522.1  79170.6  76544.5  73821.3
 71178.7  68794.1  66845.0  65491.8  64613.9  63861.9  62946.0  61828.0  60529.6
 59072.4  57478.1  55768.5  53965.1  52089.6  50163.7  48209.1  46247.5  44300.3
 42385.8  40517.5  38708.7  36972.6  35322.6  33771.7  32333.4  31013.6  29792.6
 28644.7  27544.0  26464.9  25381.5  24270.0  23126.7  21960.2  20779.7  19594.0
 18412.1  17242.8  16095.3  14978.4  13901.0  12872.2  11900.8  9806.88  0.00000
 0.00000  0.00000  0.00000  0.00000  0.00000  0.00000  0.00000  0.00000  0.00000
 0.00000  0.00000  0.00000  0.00000  0.00000  0.00000  0.00000  0.00000  0.00000
 0.00000  0.00000  0.00000  0.00000  0.00000  0.00000  0.00000  0.00000  0.00000
 0.00000  0.00000  0.00000  0.00000  0.00000  0.00000  0.00000  0.00000  0.00000
 0.00000  0.00000  0.00000  0.00000  0.00000  0.00000  0.00000  0.00000  0.00000
 0.00000  0.00000  0.00000  0.00000
 TIME0 =  1.50000
 TIMMAX =  1.50000
 DTMAX =  0.00500000
 NMAX =  480
 IFFAR =  0
 JPRT =  1
 JFLUX =  0
 JCOEF =  0
 JSOURC =  0
 JBAL =  0
 JTFUS =  0
 JSXR =  0
 NNEU =  1
 NAMEN = 'd'
 RUN_PREPLT = .true.
 &END
 &NAMELIS2
 IYOKA =  1
 ISHOT =  128913
 ITIME =  1500
 NQRAD =  0
 QRADR =   0.00000  0.0200000  0.0400000  0.0600000  0.0800000  0.100000
 0.120000  0.140000  0.160000  0.180000  0.200000  0.220000  0.240000  0.260000
 0.280000  0.300000  0.320000  0.340000  0.360000  0.380000  0.400000  0.420000
 0.440000  0.460000  0.480000  0.500000  0.520000  0.540000  0.560000  0.580000
 0.600000  0.620000  0.640000  0.660000  0.680000  0.700000  0.720000  0.740000
 0.760000  0.780000  0.800000  0.820000  0.840000  0.860000  0.880000  0.900000
 0.920000  0.940000  0.960000  0.980000  1.00000
 QRADIN = 51*0.00000
 BEAMON =  0.300500
 BTIME =  2.79950
 TIMBPLT =  0.00000
 NBEAMTCX =  1
 ITERATE_BEAM = .FALSE.
 NAMEB = 'd'
 FDBEAM =  1.00000
 NPART =  50000
 NPSKIP =  5
 MF =  21
 FE_TK =  1.75000
 IEXCIT =  5
 IZSTRP = 2*1
 NBEAMS =  2
 NSOURC =  2
 SFRAC1 = 2*0.00000
 EBKEV =   80.9877  81.0147
 BPTOR =   1.32235e+06  1.26957e+06
 ANGLEH = 2*19.5000
 FBCUR =   0.750000  0.150000  0.100000  0.750000  0.150000  0.100000
 ANGRCPLE =  1.00000
 IRFPLT =  0
 IDDFUSRATE =  1
 IDDFUSB =  1
 IDDFUSB_S =  1
 IMAXBEAMCONVG =  20
 HDEPSMTH =  15.0000
 RELNUB =  0.500000
 IDDFUSB_BULK =  1
 ICALC_CXFACTOR =  0
 TORAY_VERSION =  1.80000
 TORAY_PATH = '/u/prater/pubviewer/linux/toray1.8_noclob'
 RFON = 6*-1.00000
 RFTIME = 6*-1.00000
 IRFCUR = 6*1
 FREQ = 6*1.10000e+11
 WRFO = 6*0.00000
 GAFSEP =  1.00000e-06
 RELRF =  0.250000
 HLWEC = 6*1.70000
 RATWEC = 6*1.00000
 RFMODE = 6*'ech'
 RFPOW = 6*0.00000
 THETEC = 6*0.00000
 PHAIEC = 6*0.00000
 XEC = 6*0.00000
 ZEC = 6*0.00000
 NRAY = 6*30
 IDAMP = 6*8
 &END
 &NAMELIS3
 IFIXSHAP =  1
 XDIM =  170.000
 YDIM =  320.000
 REDGE =  84.0000
 EQDSKIN = 'g128913.01500'
 IRGUESS =  -99
 ITORFLUSE =  1
 ITERDB =  1
 &END
