dee    diii-d
 Template inone namelist for running onetwo/toray
-------------------------------------------------------  
&NAMELIS1
  RMAJOR = 0.0 
  RMINOR = 60.0 
  BTOR = 0.0 
  TOTCUR = 0.0 
  RIN = 84.0 
  ROUT = 243.0 
  ZAX = 0.0 
  NPRIM = 1 
  NIMP = 1 
  NAMEP = 'd' 
  NAMEI = 'c' 
  CER_ION = 'c' 
  ITENP = 0 
  ITTE = 0 
  ITTI = 0 
  ITXJ = 0 
  IANGROT = 1 
  ITANGROT = 0 
  TAUPIN = 0.25 
  WNEO = 1.0 0.0 0.0 1.0 0.0 0.0 1.0 0.0 1.0 0.0 0.0 0.0 1.0 1.0 0.0  
    0.0 0.0 0.0 1.0 0.0 0.0 0.0 0.0 0.0 1.0 
  WNEOT = 1.0 
  JHIRSH = 110 
  RESISTIVE = 'hirshman' 
  FTCALC = 'exact' 
  INENEZ = 1 
  ADJZEFF = 1 
  NBCTIM = 1 
  BCTIME = 0.0 
  SPLNINPT = 'new' 
  TIME0 = 2.086 
  TIMMAX = 2.085 
  DTMAX = 0.0005 
  NMAX = 100000.0 
  IFFAR = 0 
  JPRT = 1 
  JFLUX = 1 
  JCOEF = 0 
  JSOURC = 0 
  JBAL = 0 
  JTFUS = 0 
  JSXR = 0 
  NNEU = 1 
  NAMEN = 'd' 
  RUN_PREPLT = .true. 
  MOMTM_FILE = 0 
  DO_EQPLOT = 0 
  NJENE = 51 
  RENEIN(1,1) = 0.0 0.02 0.04 0.06 0.08 0.1 0.12 0.14 0.16 0.18 0.2  
    0.22 0.24 0.26 0.28 0.3 0.32 0.34 0.36 0.38 0.4 0.42 0.44 0.46 0.48  
    0.5 0.52 0.54 0.56 0.58 0.6 0.62 0.64 0.66 0.68 0.7 0.72 0.74 0.76  
    0.78 0.8 0.82 0.84 0.86 0.88 0.9 0.92 0.94 0.96 0.98 1.0 
  ENEIN(1,1) = 3.544533e+13 3.54172e+13 3.533433e+13 3.519899e+13  
    3.501342e+13 3.47799e+13 3.450069e+13 3.417805e+13 3.381425e+13  
    3.341155e+13 3.297221e+13 3.249849e+13 3.199266e+13 3.145698e+13  
    3.089371e+13 3.030512e+13 2.969347e+13 2.906103e+13 2.841004e+13  
    2.774279e+13 2.706153e+13 2.636852e+13 2.566603e+13 2.495632e+13  
    2.424166e+13 2.35243e+13 2.280651e+13 2.209056e+13 2.137869e+13  
    2.06732e+13 1.997631e+13 1.929032e+13 1.861748e+13 1.796004e+13  
    1.732028e+13 1.670046e+13 1.610283e+13 1.552967e+13 1.498324e+13  
    1.446579e+13 1.39796e+13 1.352692e+13 1.311002e+13 1.273116e+13  
    1.23926e+13 1.209662e+13 1.179021e+13 1.122025e+13 1.010408e+13  
    8.450231e+12 6.523186e+12 
  NJTE = 51 
  RTEIN(1,1) = 0.0 0.02 0.04 0.06 0.08 0.1 0.12 0.14 0.16 0.18 0.2 0.22  
    0.24 0.26 0.28 0.3 0.32 0.34 0.36 0.38 0.4 0.42 0.44 0.46 0.48 0.5  
    0.52 0.54 0.56 0.58 0.6 0.62 0.64 0.66 0.68 0.7 0.72 0.74 0.76 0.78  
    0.8 0.82 0.84 0.86 0.88 0.9 0.92 0.94 0.96 0.98 1.0 
  TEIN(1,1) = 2.763806 2.759554 2.747111 2.726943 2.699517 2.6653  
    2.624759 2.578362 2.526574 2.469863 2.408696 2.34354 2.274862  
    2.203129 2.128807 2.052364 1.974267 1.894982 1.814977 1.734719  
    1.654674 1.575309 1.497092 1.42049 1.345968 1.273995 1.205038  
    1.139562 1.078036 1.020897 0.9680751 0.9190522 0.8732968 0.8302769  
    0.789461 0.7503173 0.7123139 0.6749192 0.6376012 0.5998283  
    0.5610686 0.5207905 0.4784622 0.4335516 0.3855273 0.3338575  
    0.2781955 0.2191133 0.1574657 0.09410775 0.02989484 
  NJTI = 51 
  RTIIN(1,1) = 0.0 0.02 0.04 0.06 0.08 0.1 0.12 0.14 0.16 0.18 0.2 0.22  
    0.24 0.26 0.28 0.3 0.32 0.34 0.36 0.38 0.4 0.42 0.44 0.46 0.48 0.5  
    0.52 0.54 0.56 0.58 0.6 0.62 0.64 0.66 0.68 0.7 0.72 0.74 0.76 0.78  
    0.8 0.82 0.84 0.86 0.88 0.9 0.92 0.94 0.96 0.98 1.0 
  TIIN(1,1) = 3.081403 3.076245 3.061166 3.036765 3.003637 2.962379  
    2.913588 2.857861 2.795794 2.727984 2.655027 2.57752 2.49606  
    2.411243 2.323666 2.233926 2.142619 2.050342 1.957692 1.865265  
    1.773657 1.683466 1.595289 1.509721 1.427359 1.3488 1.274642  
    1.205479 1.141909 1.084479 1.033044 0.9869595 0.9455711 0.9082225  
    0.8742587 0.843024 0.8138627 0.7861196 0.7591391 0.7322657  
    0.7048436 0.6762179 0.6457326 0.6127322 0.5765617 0.5365651  
    0.492087 0.4424721 0.3870649 0.3252094 0.2571021 
  RANGROT(1,1) = 0.0 0.02 0.04 0.06 0.08 0.1 0.12 0.14 0.16 0.18 0.2  
    0.22 0.24 0.26 0.28 0.3 0.32 0.34 0.36 0.38 0.4 0.42 0.44 0.46 0.48  
    0.5 0.52 0.54 0.56 0.58 0.6 0.62 0.64 0.66 0.68 0.7 0.72 0.74 0.76  
    0.78 0.8 0.82 0.84 0.86 0.88 0.9 0.92 0.94 0.96 0.98 1.0 
  ANGROTIN(1,1) = 136058.0 135796.6 135039.1 133826.0 132197.4 130193.6  
    127855.0 125221.8 122334.2 119232.7 115957.5 112548.8 109046.9  
    105492.2 101924.9 98385.29 94913.66 91543.89 88280.96 85121.59  
    82062.57 79100.67 76232.6 73455.2 70765.16 68159.33 65634.4  
    63187.14 60814.33 58512.75 56279.14 54110.25 52002.88 49953.75  
    47959.68 46017.38 44123.63 42275.21 40468.87 38701.37 36969.46  
    35269.93 33599.53 31955.03 30333.18 28730.76 27144.52 25571.23  
    24007.65 22450.54 20896.67 
  NJZEF = 51 
  RZEFFIN(1,1) = 0.0 0.02 0.04 0.06 0.08 0.1 0.12 0.14 0.16 0.18 0.2  
    0.22 0.24 0.26 0.28 0.3 0.32 0.34 0.36 0.38 0.4 0.42 0.44 0.46 0.48  
    0.5 0.52 0.54 0.56 0.58 0.6 0.62 0.64 0.66 0.68 0.7 0.72 0.74 0.76  
    0.78 0.8 0.82 0.84 0.86 0.88 0.9 0.92 0.94 0.96 0.98 1.0 
  ZEFFIN(1,1) = 1.437196 1.437412 1.438053 1.439111 1.440578 1.442452  
    1.444733 1.447425 1.450532 1.454062 1.458027 1.462438 1.467311  
    1.472664 1.478517 1.484892 1.491815 1.499315 1.50742 1.516165  
    1.525586 1.535721 1.546612 1.558302 1.570838 1.584269 1.598643  
    1.614011 1.630424 1.647931 1.666579 1.68641 1.707458 1.729746  
    1.753286 1.778066 1.804056 1.831189 1.859341 1.887391 1.91282  
    1.932673 1.943645 1.94212 1.924244 1.886041 1.827615 1.765206  
    1.717934 1.688243 1.662913 
  DT = 0.0001 
  DTMIN = 1e-06 
  STEPS_PER_PLOT = 1 
/

&NAMELIS2
  IYOKA = 1 
  ISHOT = 150136 
  ITIME = 2086 
  BEAMON = 0.3001 
  BTIME = 4.7789 
  TIMBPLT = 0.0 
  NBEAMTCX = 1 
  ITERATE_BEAM = .false. 
  NAMEB = 'd' 
  FDBEAM = 1.0 
  NPART = 50000 
  NPSKIP = 1 
  MF = 21 
  FE_TK = 1.5 
  IEXCIT = 5 
  IZSTRP = 1 1 
  NBEAMS = 2 
  NSOURC = 2 
  SFRAC1 = 0.0 0.0 
  EBKEV = 59.5716 80.8833 
  BPTOR = 1687260.0 581449.0 
  ANGLEH = 19.5 19.5 
  FBCUR = 0.8 0.14 0.06 0.8 0.14 0.06 
  ANGRCPLE = 1.0 
  IRFPLT = 0 
  IDDFUSRATE = 1 
  IDDFUSB = 1 
  IDDFUSB_S = 1 
  IMAXBEAMCONVG = 15 
  HDEPSMTH = 100.0 
  RELNUB = 0.1 
  IDDFUSB_BULK = 1 
  ICALC_CXFACTOR = 1 
  TORAY_VERSION = 1.8 
  TORAY_PATH = '/home/prater/bin/toray1.8_noclob' 
  RFON = -1.0 -1.0 -1.0 -1.0 -1.0 -1.0 
  RFTIME = -1.0 -1.0 -1.0 -1.0 -1.0 -1.0 
  IRFCUR = 1 1 1 1 1 1 
  FREQ = 110000000000.0 110000000000.0 110000000000.0 110000000000.0  
    110000000000.0 110000000000.0 
  WRFO = 0.0 0.0 0.0 0.0 0.0 0.0 
  GAFSEP = 1e-06 
  RELRF = 0.25 
  HLWEC = 1.7 1.7 1.7 1.7 1.7 1.7 
  RATWEC = 1.0 1.0 1.0 1.0 1.0 1.0 
  RFMODE = 'ech' 'ech' 'ech' 'ech' 'ech' 'ech' 
  RFPOW = 0.0 0.0 0.0 0.0 0.0 0.0 
  THETEC = 0.0 0.0 0.0 0.0 0.0 0.0 
  PHAIEC = 0.0 0.0 0.0 0.0 0.0 0.0 
  XEC = 0.0 0.0 0.0 0.0 0.0 0.0 
  ZEC = 0.0 0.0 0.0 0.0 0.0 0.0 
  NRAY = 30 30 30 30 30 30 
  IDAMP = 8 8 8 8 8 8 
  NQRAD = 51 
  QRADR = 0.0 0.02 0.04 0.06 0.08 0.1 0.12 0.14 0.16 0.18 0.2 0.22 0.24  
    0.26 0.28 0.3 0.32 0.34 0.36 0.38 0.4 0.42 0.44 0.46 0.48 0.5 0.52  
    0.54 0.56 0.58 0.6 0.62 0.64 0.66 0.68 0.7 0.72 0.74 0.76 0.78 0.8  
    0.82 0.84 0.86 0.88 0.9 0.92 0.94 0.96 0.98 1.0 
  QRADIN(1,1) = -4.976045e-05 1.989156e-05 9.832835e-05 0.0002195226  
    0.0003727455 0.0005734555 0.000808891 0.001082772 0.001391681  
    0.001734024 0.002108914 0.002516612 0.002951778 0.003418161  
    0.003913742 0.004438003 0.004990646 0.00557165 0.00618093  
    0.006818706 0.007485245 0.008180954 0.008906569 0.00966257  
    0.0104501 0.01127019 0.01212395 0.01301286 0.01393852 0.01490265  
    0.01590725 0.01695447 0.01804671 0.01918657 0.02037693 0.02162092  
    0.02292189 0.02428356 0.02570991 0.02720528 0.0287743 0.03042219  
    0.03215403 0.0339764 0.0358945 0.03791618 0.0398947 0.04107656  
    0.04054766 0.03738836 0.03066128 
  IDDCAL = 3 
  IBCX = 1 
  ANGLEV = 0.0 0.0 
  IBCUR = 1 
  IBORB = 1 
  IFUS = 1 
/

&NAMELIS3
  IFIXSHAP = 1 
  XDIM = 170.0 
  YDIM = 320.0 
  REDGE = 84.0 
  EQDSKIN = 'g150136.02086' 
  IRGUESS = -99 
  ITORFLUSE = 1 
  ITERDB = 1
/

