dee    diii-d

-------------------------------------------------------
 &NAMELIS1
 RMAJOR = 0.0
 RMINOR = 60.0
 BTOR = 0.0
 TOTCUR = 2*1295488.83
 RIN = 84.0
 ROUT = 243.0
 ZAX = 0.0
 NJ = 101
 NPRIM = 1
 NIMP = 1
 NAMEP = 'd'
 NAMEI = 'c'
 CER_ION = 'c'
 ITENP = 0
 ITTE = 0
 ITTI = 0
 ITXJ = 1
 IANGROT = 1
 ITANGROT = 0
 taupin = 0.3699675276875496
 WNEOT = 1.0
 JHIRSH = 112
 RESISTIVE = 'hirshman'
 FTCALC = 'exact'
 INENEZ = -99
 ADJZEFF = 0
 NBCTIM = 2
 BCTIME = 3.645 3.855
 SPLNINPT = 'new'
 TIME0 = 
 TIMMAX = 3.755
 DTMAX = 0.005
 NMAX = 1000
 IFFAR = 0
 JPRT = 1
 JFLUX = 1
 JCOEF = 0
 JSOURC = 0
 JBAL = 0
 JTFUS = 0
 JSXR = 0
 NNEU = 1
 NAMEN = 'd'
 RUN_PREPLT = .True.
 MOMTM_FILE = 0
 do_eqplot = 0
 STEADY_STATE = 1.0
 WNEO(1,1) = 1.0
 WNEO(2,1) = 2*0.0 1.0 2*0.0 1.0 0.0 1.0 3*0.0 2*1.0 4*0.0 1.0 5*0.0 1.0
 WNEO(4,4) = 1.0
 NJENE = 101
 NJTE = 101
 NJTI = 101
 NJZEF = 101
 RENIIN = 0.0 0.01 0.02 0.03 0.04 0.05 0.06 0.07 0.08 0.09 0.1 0.11 0.12 0.13 
 0.14 0.15 0.16 0.17 0.18 0.19 0.2 0.21 0.22 0.23 0.24 0.25 0.26 0.27 0.28 
 0.29 0.3 0.31 0.32 0.33 0.34 0.35000000000000003 0.36 0.37 0.38 0.39 0.4 
 0.41000000000000003 0.42 0.43 0.44 0.45 0.46 0.47000000000000003 0.48 0.49 
 0.5 0.51 0.52 0.53 0.54 0.55 0.56 0.5700000000000001 0.58 0.59 0.6 0.61 0.62 
 0.63 0.64 0.65 0.66 0.67 0.68 0.6900000000000001 0.7000000000000001 0.71 
 0.72 0.73 0.74 0.75 0.76 0.77 0.78 0.79 0.8 0.81 0.8200000000000001 
 0.8300000000000001 0.84 0.85 0.86 0.87 0.88 0.89 0.9 0.91 0.92 0.93 
 0.9400000000000001 0.9500000000000001 0.96 0.97 0.98 0.99 1.0
 ENI = 3689371134827.954 3688803786809.0664 3687125382234.984 
 3684371380364.5327 3680576690694.206 3675775948818.949 3670004061306.3237 
 3663297041421.437 3655688694188.984 3647215037557.315 3637910693556.4487 
 3627810852554.4683 3616950424067.819 3605364592490.57 3593087452090.1895 
 3580156102973.403 3566604334445.8433 3552466546583.254 3537779553247.6143 
 3522576041846.967 3506892891286.6196 3490765239284.196 3474227218726.2305 
 3457313440476.7144 3440060987062.227 3422503170092.3022 3404675396568.4385 
 3386612656146.097 3368350575343.7373 3349922742844.293 3331365772955.623 
 3312713914855.778 3294003782518.2896 3275268142334.085 3256542616806.388 
 3237863270841.82 3219264519534.4 3200781711326.506 3182448162092.2446 
 3164301805084.5986 3146375678791.173 3128705960302.3613 3111326788328.5327 
 3094272847867.199 3077580596091.002 3061284719021.6626 3045419623074.165 
 3030020398124.385 3015122276560.329 3000760484787.7485 2986970121655.812 
 2973786690101.034 2961243450449.886 2949376686689.0444 2938221647478.7183 
 2927812834592.802 2918185775927.27 2909376205712.6084 2901417109400.0356 
 2894345870489.429 2888195782879.3643 2883001958046.583 2878799619683.877 
 2875625601558.1597 2873512614334.354 2872496667553.1704 2872612940348.5947 
 2873896343030.3745 2876381514880.1323 2880104189522.779 2885098451839.9385 
 2891400585793.856 2899044901883.792 2908066400011.0435 2918500498341.1514 
 2930381831586.9717 2943745859096.2393 2958626940706.3086 2975061360400.683 
 2993083091092.1953 3012727256682.457 3034028939173.805 3057024422409.4526 
 3081325026021.646 3103997517628.6187 3121160267644.772 3128928892551.666 
 3123418694256.6235 3100745646514.1494 3057025978357.7046 2988374280812.357 
 2890907732341.0635 2760740625566.7134 2593990229535.299 2386771408883.5923 
 2135199990278.7886 1835391800369.5583 1483462444119.3748 1075563026976.94 
 616360486859.111 130131504704.52022
 NJENI = 101
 RENPIN = 0.0 0.01 0.02 0.03 0.04 0.05 0.06 0.07 0.08 0.09 0.1 0.11 0.12 0.13 
 0.14 0.15 0.16 0.17 0.18 0.19 0.2 0.21 0.22 0.23 0.24 0.25 0.26 0.27 0.28 
 0.29 0.3 0.31 0.32 0.33 0.34 0.35000000000000003 0.36 0.37 0.38 0.39 0.4 
 0.41000000000000003 0.42 0.43 0.44 0.45 0.46 0.47000000000000003 0.48 0.49 
 0.5 0.51 0.52 0.53 0.54 0.55 0.56 0.5700000000000001 0.58 0.59 0.6 0.61 0.62 
 0.63 0.64 0.65 0.66 0.67 0.68 0.6900000000000001 0.7000000000000001 0.71 
 0.72 0.73 0.74 0.75 0.76 0.77 0.78 0.79 0.8 0.81 0.8200000000000001 
 0.8300000000000001 0.84 0.85 0.86 0.87 0.88 0.89 0.9 0.91 0.92 0.93 
 0.9400000000000001 0.9500000000000001 0.96 0.97 0.98 0.99 1.0
 ENP = 49034602305065.84 49028774893243.6 49011419101427.65 
 48982753182756.695 48942989892745.15 48892352442598.66 48831053556839.516 
 48759299439158.54 48677309389044.54 48585294059770.9 48483485311636.47 
 48372076723433.6 48251285448844.82 48121340186428.875 47982449950164.414 
 47834809809744.37 47678660868905.914 47514228442614.125 47341678330630.96 
 47161271392182.94 46973191782962.85 46777672039601.18 46574912855533.52 
 46365154737754.87 46148583725595.25 45925427513296.68 45695894893349.51 
 45460204058633.72 45218583402778.65 44971223835024.76 44718359763647.38 
 44460179347614.22 44196930173222.45 43928799414284.19 43656015270947.47 
 43378789092088.13 43097355369264.89 42811891095918.83 42522650542538.945 
 42229806333050.36 41933596850082.984 41634233633613.11 41331922071188.09 
 41026912665357.53 40719380069911.95 40409557187415.375 40097656606844.57 
 39783896371639.336 39468470922935.19 39151614304045.74 38833535732699.625 
 38514436812638.23 38194584176033.08 37874111963879.78 37553290370772.57 
 37232338772314.31 36911433353193.02 36590817106076.5 36270683545623.69 
 35951278963000.59 35632761935454.77 35315436527269.86 34999436582555.426 
 34684998496718.777 34372352617535.582 34061722693602.18 33753282087100.137 
 33447275065277.113 33143904672688.63 32843391915407.047 32545963293916.734 
 32251792531812.145 31961145780745.305 31674210347094.227 31391197428208.54 
 31112334623654.28 30837840187136.195 30567908183077.703 30302760713477.195 
 30042612615743.902 29787686745084.17 29538204566731.168 29294348601124.004 
 29058903930603.164 28849865775141.23 28690972810208.816 28589187546032.375 
 28490857072101.03 28328606377918.38 28035063284699.926 27542861058863.137 
 26784617973394.008 25692967061002.87 24200531965619.79 22239950913682.07 
 19743889373318.582 16703186050426.453 13282214420018.252 9677302712540.361 
 6033710840131.171 2379027344972.055
 NJENP = 101
 diffeq_methd = 0
 PRTLST = 3.7450010000000002 3.746112 3.747223 3.7483340000000003 3.749445 
 3.750556 3.751667 3.752778 3.753889 3.755
 PLTLST = 3.7450010000000002 3.746112 3.747223 3.7483340000000003 3.749445 
 3.750556 3.751667 3.752778 3.753889 3.755
 NTEROW = 0.001110999999999862
 timprt = 0.001110999999999862
 timplt = 0.001110999999999862
 steps_per_plot = 2000
 mprt = 2000
 mplot = 2000
 RENEIN(1,1) = 0.0 0.01 0.02 0.03 0.04 0.05 0.06 0.07 0.08 0.09 0.1 0.11 0.12 
 0.13 0.14 0.15 0.16 0.17 0.18 0.19 0.2 0.21 0.22 0.23 0.24 0.25 0.26 0.27 
 0.28 0.29 0.3 0.31 0.32 0.33 0.34 0.35000000000000003 0.36 0.37 0.38 0.39 
 0.4 0.41000000000000003 0.42 0.43 0.44 0.45 0.46 0.47000000000000003 0.48 
 0.49 0.5 0.51 0.52 0.53 0.54 0.55 0.56 0.5700000000000001 0.58 0.59 0.6 0.61 
 0.62 0.63 0.64 0.65 0.66 0.67 0.68 0.6900000000000001 0.7000000000000001 
 0.71 0.72 0.73 0.74 0.75 0.76 0.77 0.78 0.79 0.8 0.81 0.8200000000000001 
 0.8300000000000001 0.84 0.85 0.86 0.87 0.88 0.89 0.9 0.91 0.92 0.93 
 0.9400000000000001 0.9500000000000001 0.96 0.97 0.98 0.99 1.0
 RENEIN(1,2) = 0.0 0.01 0.02 0.03 0.04 0.05 0.06 0.07 0.08 0.09 0.1 0.11 0.12 
 0.13 0.14 0.15 0.16 0.17 0.18 0.19 0.2 0.21 0.22 0.23 0.24 0.25 0.26 0.27 
 0.28 0.29 0.3 0.31 0.32 0.33 0.34 0.35000000000000003 0.36 0.37 0.38 0.39 
 0.4 0.41000000000000003 0.42 0.43 0.44 0.45 0.46 0.47000000000000003 0.48 
 0.49 0.5 0.51 0.52 0.53 0.54 0.55 0.56 0.5700000000000001 0.58 0.59 0.6 0.61 
 0.62 0.63 0.64 0.65 0.66 0.67 0.68 0.6900000000000001 0.7000000000000001 
 0.71 0.72 0.73 0.74 0.75 0.76 0.77 0.78 0.79 0.8 0.81 0.8200000000000001 
 0.8300000000000001 0.84 0.85 0.86 0.87 0.88 0.89 0.9 0.91 0.92 0.93 
 0.9400000000000001 0.9500000000000001 0.96 0.97 0.98 0.99 1.0
 ENEIN(1,1) = 71170829114033.56 71161597614098.0 71134171394837.55 
 71088981464943.89 71026450036910.39 70947008135512.34 70851077924677.45 
 70739081687687.16 70611441554178.44 70468584285114.78 70310949472975.164 
 70138941838760.414 69952987993251.734 69753527741372.3 69540974662705.55 
 69315746427584.77 69078286875580.98 68829027722113.66 68568355650116.65 
 68296727643264.734 68014549130682.56 67722263475306.35 67420276167890.914 
 67109035380615.15 66788949647968.61 66460446533850.5 66123947272760.14 
 65779879995510.3 65428686854841.07 65070760292090.52 64706554401381.12 
 64336462836748.88 63960952868332.195 63580408268288.7 63195270971785.8 
 62805968717139.05 62412942486471.29 62016581363877.87 61617339515092.414 
 61215617163557.95 60811850922830.03 60406469395427.28 59999882801159.29 
 59592549752560.72 59184863646457.96 58777265501545.36 58370174345289.555 
 57964018760385.64 57559204582297.164 57156177212772.234 56755356462634.5 
 56357156953244.43 55962044878732.39 55570372084014.05 55182620255644.88 
 54799215779871.125 54420548008756.64 54047074340352.15 53679186202023.91 
 53317354185937.164 52961936632730.96 52613448275549.36 52272234300658.69 
 51938752106067.74 51613428303541.7 51296702698921.2 50988959729191.7 
 50690653123459.36 50402193761969.42 50124017052543.72 49856554004956.37 
 49600196046575.28 49355415192048.055 49122608747160.484 48902200418255.445 
 48694625613176.11 48500315341713.63 48319669827315.555 48153128875881.29 
 48001111162297.07 47864050285178.914 47742378201774.0 47636495135580.72 
 47546854086733.04 47473850880912.94 47417934416077.445 47362760901342.375 
 47231369237640.77 46933080257003.27 46377219154846.16 45473106743737.28 
 44130064367440.39 42257410814403.15 39764473342831.586 36560579366983.625 
 32555089314991.312 27715536852643.805 22182989084734.5 16130680874401.998 
 9731873761285.836 3159816373199.177
 ENEIN(1,2) = 71170829114033.56 71161597614098.0 71134171394837.55 
 71088981464943.89 71026450036910.39 70947008135512.34 70851077924677.45 
 70739081687687.16 70611441554178.44 70468584285114.78 70310949472975.164 
 70138941838760.414 69952987993251.734 69753527741372.3 69540974662705.55 
 69315746427584.77 69078286875580.98 68829027722113.66 68568355650116.65 
 68296727643264.734 68014549130682.56 67722263475306.35 67420276167890.914 
 67109035380615.15 66788949647968.61 66460446533850.5 66123947272760.14 
 65779879995510.3 65428686854841.07 65070760292090.52 64706554401381.12 
 64336462836748.88 63960952868332.195 63580408268288.7 63195270971785.8 
 62805968717139.05 62412942486471.29 62016581363877.87 61617339515092.414 
 61215617163557.95 60811850922830.03 60406469395427.28 59999882801159.29 
 59592549752560.72 59184863646457.96 58777265501545.36 58370174345289.555 
 57964018760385.64 57559204582297.164 57156177212772.234 56755356462634.5 
 56357156953244.43 55962044878732.39 55570372084014.05 55182620255644.88 
 54799215779871.125 54420548008756.64 54047074340352.15 53679186202023.91 
 53317354185937.164 52961936632730.96 52613448275549.36 52272234300658.69 
 51938752106067.74 51613428303541.7 51296702698921.2 50988959729191.7 
 50690653123459.36 50402193761969.42 50124017052543.72 49856554004956.37 
 49600196046575.28 49355415192048.055 49122608747160.484 48902200418255.445 
 48694625613176.11 48500315341713.63 48319669827315.555 48153128875881.29 
 48001111162297.07 47864050285178.914 47742378201774.0 47636495135580.72 
 47546854086733.04 47473850880912.94 47417934416077.445 47362760901342.375 
 47231369237640.77 46933080257003.27 46377219154846.16 45473106743737.28 
 44130064367440.39 42257410814403.15 39764473342831.586 36560579366983.625 
 32555089314991.312 27715536852643.805 22182989084734.5 16130680874401.998 
 9731873761285.836 3159816373199.177
 RTEIN(1,1) = 0.0 0.01 0.02 0.03 0.04 0.05 0.06 0.07 0.08 0.09 0.1 0.11 0.12 
 0.13 0.14 0.15 0.16 0.17 0.18 0.19 0.2 0.21 0.22 0.23 0.24 0.25 0.26 0.27 
 0.28 0.29 0.3 0.31 0.32 0.33 0.34 0.35000000000000003 0.36 0.37 0.38 0.39 
 0.4 0.41000000000000003 0.42 0.43 0.44 0.45 0.46 0.47000000000000003 0.48 
 0.49 0.5 0.51 0.52 0.53 0.54 0.55 0.56 0.5700000000000001 0.58 0.59 0.6 0.61 
 0.62 0.63 0.64 0.65 0.66 0.67 0.68 0.6900000000000001 0.7000000000000001 
 0.71 0.72 0.73 0.74 0.75 0.76 0.77 0.78 0.79 0.8 0.81 0.8200000000000001 
 0.8300000000000001 0.84 0.85 0.86 0.87 0.88 0.89 0.9 0.91 0.92 0.93 
 0.9400000000000001 0.9500000000000001 0.96 0.97 0.98 0.99 1.0
 RTEIN(1,2) = 0.0 0.01 0.02 0.03 0.04 0.05 0.06 0.07 0.08 0.09 0.1 0.11 0.12 
 0.13 0.14 0.15 0.16 0.17 0.18 0.19 0.2 0.21 0.22 0.23 0.24 0.25 0.26 0.27 
 0.28 0.29 0.3 0.31 0.32 0.33 0.34 0.35000000000000003 0.36 0.37 0.38 0.39 
 0.4 0.41000000000000003 0.42 0.43 0.44 0.45 0.46 0.47000000000000003 0.48 
 0.49 0.5 0.51 0.52 0.53 0.54 0.55 0.56 0.5700000000000001 0.58 0.59 0.6 0.61 
 0.62 0.63 0.64 0.65 0.66 0.67 0.68 0.6900000000000001 0.7000000000000001 
 0.71 0.72 0.73 0.74 0.75 0.76 0.77 0.78 0.79 0.8 0.81 0.8200000000000001 
 0.8300000000000001 0.84 0.85 0.86 0.87 0.88 0.89 0.9 0.91 0.92 0.93 
 0.9400000000000001 0.9500000000000001 0.96 0.97 0.98 0.99 1.0
 TEIN(1,1) = 4.3848066329956055 4.3834953307667055 4.379605293057548 
 4.373200416066507 4.364345549651421 4.353104592285541 4.339541910120277 
 4.32372283985746 4.305711742815455 4.285571582718522 4.263367656344322 
 4.239163397244578 4.213025562662734 4.185016141470012 4.155201436916658 
 4.123644371255579 4.090410220376878 4.055562979389012 4.019167926637736 
 3.9812877086218443 3.9419887184994162 3.901333543408288 3.8593878695308965 
 3.8162155333887413 3.771881556279382 3.726449966430664 3.6799850016168625 
 3.6325507677721682 3.584212070555041 3.535034376747521 3.4850800637091663 
 3.434415114161117 3.3831030953396364 3.3312087742890224 3.278796691645931 
 3.2259304207206307 3.172675447583224 3.119096066336327 3.065256093054874 
 3.0112201393578037 2.9570522631412492 2.9028181835762394 2.8485810045873063 
 2.7944052606432424 2.740356194030311 2.6864971474038244 2.6328933684951648 
 2.5796089109072593 2.526707831134648 2.474255611605511 2.4223155975341797 
 2.3709523191067228 2.320230864780192 2.2702151309182224 2.220970020156206 
 2.17255884165428 2.1250472180903164 2.0784988074096953 2.0329782212319025 
 1.9885500711762407 1.9452783886244742 1.903228342148117 1.8624633741754062 
 1.8230482155346739 1.7850474778464074 1.7485258919392719 1.7135470809261004 
 1.6801759547223627 1.6484767419235495 1.6184272696178932 1.5897781514149878 
 1.562242211329751 1.5355320733203894 1.5093607207205944 1.4834405431155464 
 1.4574848413467407 1.4312063202094294 1.4043176844979919 1.3765317582156034 
 1.347561423108954 1.317119397278719 1.2849185545902928 1.2506718382537492 
 1.2140917146407786 1.174891126960308 1.132783040158752 1.0874803738298566 
 1.0386954787251004 0.9861415960756827 0.9295313710664207 0.8685775680913342 
 0.8029930585258013 0.7325207016839453 0.6573696688279487 0.5781158611836535 
 0.4953454325078691 0.4096446855749273 0.3215994994610836 0.23179603471424237 
 0.1408203816583165 0.04925865307450295
 TEIN(1,2) = 4.3848066329956055 4.3834953307667055 4.379605293057548 
 4.373200416066507 4.364345549651421 4.353104592285541 4.339541910120277 
 4.32372283985746 4.305711742815455 4.285571582718522 4.263367656344322 
 4.239163397244578 4.213025562662734 4.185016141470012 4.155201436916658 
 4.123644371255579 4.090410220376878 4.055562979389012 4.019167926637736 
 3.9812877086218443 3.9419887184994162 3.901333543408288 3.8593878695308965 
 3.8162155333887413 3.771881556279382 3.726449966430664 3.6799850016168625 
 3.6325507677721682 3.584212070555041 3.535034376747521 3.4850800637091663 
 3.434415114161117 3.3831030953396364 3.3312087742890224 3.278796691645931 
 3.2259304207206307 3.172675447583224 3.119096066336327 3.065256093054874 
 3.0112201393578037 2.9570522631412492 2.9028181835762394 2.8485810045873063 
 2.7944052606432424 2.740356194030311 2.6864971474038244 2.6328933684951648 
 2.5796089109072593 2.526707831134648 2.474255611605511 2.4223155975341797 
 2.3709523191067228 2.320230864780192 2.2702151309182224 2.220970020156206 
 2.17255884165428 2.1250472180903164 2.0784988074096953 2.0329782212319025 
 1.9885500711762407 1.9452783886244742 1.903228342148117 1.8624633741754062 
 1.8230482155346739 1.7850474778464074 1.7485258919392719 1.7135470809261004 
 1.6801759547223627 1.6484767419235495 1.6184272696178932 1.5897781514149878 
 1.562242211329751 1.5355320733203894 1.5093607207205944 1.4834405431155464 
 1.4574848413467407 1.4312063202094294 1.4043176844979919 1.3765317582156034 
 1.347561423108954 1.317119397278719 1.2849185545902928 1.2506718382537492 
 1.2140917146407786 1.174891126960308 1.132783040158752 1.0874803738298566 
 1.0386954787251004 0.9861415960756827 0.9295313710664207 0.8685775680913342 
 0.8029930585258013 0.7325207016839453 0.6573696688279487 0.5781158611836535 
 0.4953454325078691 0.4096446855749273 0.3215994994610836 0.23179603471424237 
 0.1408203816583165 0.04925865307450295
 RTIIN(1,1) = 0.0 0.01 0.02 0.03 0.04 0.05 0.06 0.07 0.08 0.09 0.1 0.11 0.12 
 0.13 0.14 0.15 0.16 0.17 0.18 0.19 0.2 0.21 0.22 0.23 0.24 0.25 0.26 0.27 
 0.28 0.29 0.3 0.31 0.32 0.33 0.34 0.35000000000000003 0.36 0.37 0.38 0.39 
 0.4 0.41000000000000003 0.42 0.43 0.44 0.45 0.46 0.47000000000000003 0.48 
 0.49 0.5 0.51 0.52 0.53 0.54 0.55 0.56 0.5700000000000001 0.58 0.59 0.6 0.61 
 0.62 0.63 0.64 0.65 0.66 0.67 0.68 0.6900000000000001 0.7000000000000001 
 0.71 0.72 0.73 0.74 0.75 0.76 0.77 0.78 0.79 0.8 0.81 0.8200000000000001 
 0.8300000000000001 0.84 0.85 0.86 0.87 0.88 0.89 0.9 0.91 0.92 0.93 
 0.9400000000000001 0.9500000000000001 0.96 0.97 0.98 0.99 1.0
 RTIIN(1,2) = 0.0 0.01 0.02 0.03 0.04 0.05 0.06 0.07 0.08 0.09 0.1 0.11 0.12 
 0.13 0.14 0.15 0.16 0.17 0.18 0.19 0.2 0.21 0.22 0.23 0.24 0.25 0.26 0.27 
 0.28 0.29 0.3 0.31 0.32 0.33 0.34 0.35000000000000003 0.36 0.37 0.38 0.39 
 0.4 0.41000000000000003 0.42 0.43 0.44 0.45 0.46 0.47000000000000003 0.48 
 0.49 0.5 0.51 0.52 0.53 0.54 0.55 0.56 0.5700000000000001 0.58 0.59 0.6 0.61 
 0.62 0.63 0.64 0.65 0.66 0.67 0.68 0.6900000000000001 0.7000000000000001 
 0.71 0.72 0.73 0.74 0.75 0.76 0.77 0.78 0.79 0.8 0.81 0.8200000000000001 
 0.8300000000000001 0.84 0.85 0.86 0.87 0.88 0.89 0.9 0.91 0.92 0.93 
 0.9400000000000001 0.9500000000000001 0.96 0.97 0.98 0.99 1.0
 TIIN(1,1) = 4.343970775604248 4.342623233750119 4.338627815024464 
 4.332058906044242 4.3229885092251665 4.311490536672318 4.297637937453937 
 4.281502724205518 4.263158794757178 4.242679126785381 4.220136645957199 
 4.195603369149266 4.169154636679388 4.140861974167327 4.110798837595525 
 4.079037208887018 4.04565142364122 4.010714060484376 3.974298503712511 
 3.9364771751222545 3.897323381833325 3.8569099634302897 3.815310234767294 
 3.7725968541257138 3.728844142074381 3.6841232776641846 3.6385087528020668 
 3.5920722986776035 3.544888263645109 3.497028549062048 3.448567448526162 
 3.3995764372868265 3.3501295688361727 3.3003001868517434 3.25016023525875 
 3.199784010375577 3.149243427161269 3.0986118558123166 3.0479624030009926 
 2.9973685018590985 2.9469027819424047 2.8966383754753084 2.8466481509236026 
 2.7970049734820974 2.747782457119315 2.6990532297560486 2.650890628681865 
 2.603367323021391 2.5565568902813935 2.5105317073743985 2.465365171432495 
 2.4211301386578845 2.3779002806003606 2.335747361461426 2.294745531898701 
 2.2549677361471026 2.2164869398555807 2.1793749072246364 2.1437062634808592 
 2.109554203336136 2.0769902031688865 2.046088261617752 2.0169212952775166 
 1.9895627372815263 1.9640851862982467 1.9405619562522516 1.9190652905265537 
 1.8996692008293936 1.8824461813466242 1.8673863377362196 1.8541530221830556 
 1.842328881798318 1.8314967456916718 1.8212396100571946 1.8111401893877752 
 1.8007813692092896 1.7897462734640628 1.77761743003859 1.7639778436467017 
 1.7484099030313873 1.7304971446930126 1.7098224215867606 1.6859680231619636 
 1.6585171925433626 1.6270526960190759 1.591157288947372 1.5504137895814913 
 1.5044055217190495 1.4527150132320208 1.3949247919924221 1.3306182203384682 
 1.2593777947641216 1.1807866277802594 1.0944276501653978 0.9998833897928484 
 0.8967367321641622 0.7845708012034242 0.6629717971597799 0.5324707193454252 
 0.3958220011411229 0.2560994327068329
 TIIN(1,2) = 4.343970775604248 4.342623233750119 4.338627815024464 
 4.332058906044242 4.3229885092251665 4.311490536672318 4.297637937453937 
 4.281502724205518 4.263158794757178 4.242679126785381 4.220136645957199 
 4.195603369149266 4.169154636679388 4.140861974167327 4.110798837595525 
 4.079037208887018 4.04565142364122 4.010714060484376 3.974298503712511 
 3.9364771751222545 3.897323381833325 3.8569099634302897 3.815310234767294 
 3.7725968541257138 3.728844142074381 3.6841232776641846 3.6385087528020668 
 3.5920722986776035 3.544888263645109 3.497028549062048 3.448567448526162 
 3.3995764372868265 3.3501295688361727 3.3003001868517434 3.25016023525875 
 3.199784010375577 3.149243427161269 3.0986118558123166 3.0479624030009926 
 2.9973685018590985 2.9469027819424047 2.8966383754753084 2.8466481509236026 
 2.7970049734820974 2.747782457119315 2.6990532297560486 2.650890628681865 
 2.603367323021391 2.5565568902813935 2.5105317073743985 2.465365171432495 
 2.4211301386578845 2.3779002806003606 2.335747361461426 2.294745531898701 
 2.2549677361471026 2.2164869398555807 2.1793749072246364 2.1437062634808592 
 2.109554203336136 2.0769902031688865 2.046088261617752 2.0169212952775166 
 1.9895627372815263 1.9640851862982467 1.9405619562522516 1.9190652905265537 
 1.8996692008293936 1.8824461813466242 1.8673863377362196 1.8541530221830556 
 1.842328881798318 1.8314967456916718 1.8212396100571946 1.8111401893877752 
 1.8007813692092896 1.7897462734640628 1.77761743003859 1.7639778436467017 
 1.7484099030313873 1.7304971446930126 1.7098224215867606 1.6859680231619636 
 1.6585171925433626 1.6270526960190759 1.591157288947372 1.5504137895814913 
 1.5044055217190495 1.4527150132320208 1.3949247919924221 1.3306182203384682 
 1.2593777947641216 1.1807866277802594 1.0944276501653978 0.9998833897928484 
 0.8967367321641622 0.7845708012034242 0.6629717971597799 0.5324707193454252 
 0.3958220011411229 0.2560994327068329
 RANGROT(1,1) = 0.0 0.01 0.02 0.03 0.04 0.05 0.06 0.07 0.08 0.09 0.1 0.11 
 0.12 0.13 0.14 0.15 0.16 0.17 0.18 0.19 0.2 0.21 0.22 0.23 0.24 0.25 0.26 
 0.27 0.28 0.29 0.3 0.31 0.32 0.33 0.34 0.35000000000000003 0.36 0.37 0.38 
 0.39 0.4 0.41000000000000003 0.42 0.43 0.44 0.45 0.46 0.47000000000000003 
 0.48 0.49 0.5 0.51 0.52 0.53 0.54 0.55 0.56 0.5700000000000001 0.58 0.59 0.6 
 0.61 0.62 0.63 0.64 0.65 0.66 0.67 0.68 0.6900000000000001 
 0.7000000000000001 0.71 0.72 0.73 0.74 0.75 0.76 0.77 0.78 0.79 0.8 0.81 
 0.8200000000000001 0.8300000000000001 0.84 0.85 0.86 0.87 0.88 0.89 0.9 0.91 
 0.92 0.93 0.9400000000000001 0.9500000000000001 0.96 0.97 0.98 0.99 1.0
 RANGROT(1,2) = 0.0 0.01 0.02 0.03 0.04 0.05 0.06 0.07 0.08 0.09 0.1 0.11 
 0.12 0.13 0.14 0.15 0.16 0.17 0.18 0.19 0.2 0.21 0.22 0.23 0.24 0.25 0.26 
 0.27 0.28 0.29 0.3 0.31 0.32 0.33 0.34 0.35000000000000003 0.36 0.37 0.38 
 0.39 0.4 0.41000000000000003 0.42 0.43 0.44 0.45 0.46 0.47000000000000003 
 0.48 0.49 0.5 0.51 0.52 0.53 0.54 0.55 0.56 0.5700000000000001 0.58 0.59 0.6 
 0.61 0.62 0.63 0.64 0.65 0.66 0.67 0.68 0.6900000000000001 
 0.7000000000000001 0.71 0.72 0.73 0.74 0.75 0.76 0.77 0.78 0.79 0.8 0.81 
 0.8200000000000001 0.8300000000000001 0.84 0.85 0.86 0.87 0.88 0.89 0.9 0.91 
 0.92 0.93 0.9400000000000001 0.9500000000000001 0.96 0.97 0.98 0.99 1.0
 ANGROTIN(1,1) = 122459.65625 122435.22656168317 122362.7343709663 
 122243.26561570013 122077.984358464 121868.04689211112 121614.57027588163 
 121318.67969689304 120981.52337382767 120604.26576655266 120187.98443972827 
 119733.85153438021 119243.01548874202 118716.59349103378 118155.74222189393 
 117561.56286348958 116935.22633308875 116277.85168266077 115590.58643914998 
 114874.54670105659 114130.92210049725 113360.79636188532 112565.3045912499 
 111745.62534674788 110902.85110460068 110038.171875 109152.63977125123 
 108247.51660595807 107323.81261113916 106382.74920798828 105425.42302517255 
 104452.9611710063 103466.53053989283 102467.27475546178 101456.30505093123 
 100434.76501331823 99403.79835571135 98364.54737225566 97318.13231209289 
 96265.67036598679 95208.36781882029 94147.3043075667 93083.62360423805 
 92018.48513697604 90952.98412106352 89888.31123196412 88825.57119802474 
 87765.92956143002 86710.45980798359 85660.3447483527 84616.7421875 
 83580.72557869765 82553.5214877267 81536.19241772799 80529.86933366072 
 79535.75117710224 78554.9299196131 77588.5383769107 76637.7562397728 
 75703.67726145362 74787.47872407369 73890.22001893532 73013.1488505973 
 72157.30428481635 71323.87382485154 70513.99028646856 69728.79108738076 
 68969.38405697909 68236.95363863728 67532.60139812529 66857.46015119048 
 66212.69396192154 65597.91580211338 64996.469909756546 64381.67638608253 
 63726.77734375 63004.97192592169 62189.45536878643 61253.46587678128 
 60170.186090630545 58913.32972558318 57472.277707100686 55855.19019290321 
 54071.33674074579 52129.97519010071 50040.38404857822 47811.80405940193 
 45453.52849626749 42974.795667125734 40384.89856737631 37693.075504867935 
 34908.60506655007 32040.745081685804 29098.775564701886 26091.95044842518 
 23029.529525032904 19920.78821171299 16774.985602298435 13601.388883275884 
 10409.261837723201 7207.87060546875
 ANGROTIN(1,2) = 122459.65625 122435.22656168317 122362.7343709663 
 122243.26561570013 122077.984358464 121868.04689211112 121614.57027588163 
 121318.67969689304 120981.52337382767 120604.26576655266 120187.98443972827 
 119733.85153438021 119243.01548874202 118716.59349103378 118155.74222189393 
 117561.56286348958 116935.22633308875 116277.85168266077 115590.58643914998 
 114874.54670105659 114130.92210049725 113360.79636188532 112565.3045912499 
 111745.62534674788 110902.85110460068 110038.171875 109152.63977125123 
 108247.51660595807 107323.81261113916 106382.74920798828 105425.42302517255 
 104452.9611710063 103466.53053989283 102467.27475546178 101456.30505093123 
 100434.76501331823 99403.79835571135 98364.54737225566 97318.13231209289 
 96265.67036598679 95208.36781882029 94147.3043075667 93083.62360423805 
 92018.48513697604 90952.98412106352 89888.31123196412 88825.57119802474 
 87765.92956143002 86710.45980798359 85660.3447483527 84616.7421875 
 83580.72557869765 82553.5214877267 81536.19241772799 80529.86933366072 
 79535.75117710224 78554.9299196131 77588.5383769107 76637.7562397728 
 75703.67726145362 74787.47872407369 73890.22001893532 73013.1488505973 
 72157.30428481635 71323.87382485154 70513.99028646856 69728.79108738076 
 68969.38405697909 68236.95363863728 67532.60139812529 66857.46015119048 
 66212.69396192154 65597.91580211338 64996.469909756546 64381.67638608253 
 63726.77734375 63004.97192592169 62189.45536878643 61253.46587678128 
 60170.186090630545 58913.32972558318 57472.277707100686 55855.19019290321 
 54071.33674074579 52129.97519010071 50040.38404857822 47811.80405940193 
 45453.52849626749 42974.795667125734 40384.89856737631 37693.075504867935 
 34908.60506655007 32040.745081685804 29098.775564701886 26091.95044842518 
 23029.529525032904 19920.78821171299 16774.985602298435 13601.388883275884 
 10409.261837723201 7207.87060546875
 RZEFFIN(1,1) = 0.0 0.01 0.02 0.03 0.04 0.05 0.06 0.07 0.08 0.09 0.1 0.11 
 0.12 0.13 0.14 0.15 0.16 0.17 0.18 0.19 0.2 0.21 0.22 0.23 0.24 0.25 0.26 
 0.27 0.28 0.29 0.3 0.31 0.32 0.33 0.34 0.35000000000000003 0.36 0.37 0.38 
 0.39 0.4 0.41000000000000003 0.42 0.43 0.44 0.45 0.46 0.47000000000000003 
 0.48 0.49 0.5 0.51 0.52 0.53 0.54 0.55 0.56 0.5700000000000001 0.58 0.59 0.6 
 0.61 0.62 0.63 0.64 0.65 0.66 0.67 0.68 0.6900000000000001 
 0.7000000000000001 0.71 0.72 0.73 0.74 0.75 0.76 0.77 0.78 0.79 0.8 0.81 
 0.8200000000000001 0.8300000000000001 0.84 0.85 0.86 0.87 0.88 0.89 0.9 0.91 
 0.92 0.93 0.9400000000000001 0.9500000000000001 0.96 0.97 0.98 0.99 1.0
 RZEFFIN(1,2) = 0.0 0.01 0.02 0.03 0.04 0.05 0.06 0.07 0.08 0.09 0.1 0.11 
 0.12 0.13 0.14 0.15 0.16 0.17 0.18 0.19 0.2 0.21 0.22 0.23 0.24 0.25 0.26 
 0.27 0.28 0.29 0.3 0.31 0.32 0.33 0.34 0.35000000000000003 0.36 0.37 0.38 
 0.39 0.4 0.41000000000000003 0.42 0.43 0.44 0.45 0.46 0.47000000000000003 
 0.48 0.49 0.5 0.51 0.52 0.53 0.54 0.55 0.56 0.5700000000000001 0.58 0.59 0.6 
 0.61 0.62 0.63 0.64 0.65 0.66 0.67 0.68 0.6900000000000001 
 0.7000000000000001 0.71 0.72 0.73 0.74 0.75 0.76 0.77 0.78 0.79 0.8 0.81 
 0.8200000000000001 0.8300000000000001 0.84 0.85 0.86 0.87 0.88 0.89 0.9 0.91 
 0.92 0.93 0.9400000000000001 0.9500000000000001 0.96 0.97 0.98 0.99 1.0
 ZEFFIN(1,1) = 2.555147458904822 2.555110021621381 2.555001756512724 
 2.5548280356983626 2.5545941077365617 2.5543048447362424 2.553965374475154 
 2.553581254105708 2.5531570863274595 2.55269830147321 2.5522094584804558 
 2.5516961437318075 2.551163371784808 2.5506160229737675 2.550059142621052 
 2.549499047830487 2.5489401210266394 2.5483873581328695 2.5478479189291727 
 2.547325690440026 2.5468276726565544 2.5463593773222173 2.545926870756801 
 2.5455355992832733 2.5451931817437363 2.544905285137879 2.5446788358796293 
 2.544520599479922 2.544437495505618 2.544436884311992 2.544526271152147 
 2.544713729411105 2.545006899427786 2.5454138616947137 2.5459428688549997 
 2.546602975948483 2.5474023774310326 2.5483512510369515 2.549457435425012 
 2.550732616137861 2.552185452857162 2.5538265975229475 2.555666432869307 
 2.557714610659483 2.5599836207150846 2.5624840792948302 2.565227270896406 
 2.568224803726959 2.571489198873149 2.5750321126010465 2.5788660178474867 
 2.5830039257843556 2.587456350210283 2.592238764694627 2.5973625213156604 
 2.6028401827977876 2.608685992352216 2.614912319244875 2.6215319091167455 
 2.628557482651399 2.6360027407463225 2.6438774035191175 2.6521962327795126 
 2.660971135204969 2.670212215376424 2.6799305899325847 2.6901381920353207 
 2.7008439421943558 2.7120573333360443 2.723786934217766 2.7360396297464464 
 2.748824087154085 2.762143965724884 2.7760048626361744 2.7904105377955504 
 2.8053625803793323 2.820861888230496 2.836908417180721 2.8535003414227673 
 2.870633628233469 2.8883027483459838 2.9065005054949697 2.9252199896583675 
 2.9441822714921275 2.9614993054270604 2.974670748154637 2.9818917856600193 
 2.9839052379837208 2.982021399107804 2.9774963014604956 2.9715219575736995 
 2.9652641167280995 2.9599454195327084 2.957015907519562 2.958479419808365 
 2.9676186137467133 2.9866746332151375 3.006216256681438 3.00034276671563 
 2.9000261470027744 2.235497472020196
 ZEFFIN(1,2) = 2.555147458904822 2.555110021621381 2.555001756512724 
 2.5548280356983626 2.5545941077365617 2.5543048447362424 2.553965374475154 
 2.553581254105708 2.5531570863274595 2.55269830147321 2.5522094584804558 
 2.5516961437318075 2.551163371784808 2.5506160229737675 2.550059142621052 
 2.549499047830487 2.5489401210266394 2.5483873581328695 2.5478479189291727 
 2.547325690440026 2.5468276726565544 2.5463593773222173 2.545926870756801 
 2.5455355992832733 2.5451931817437363 2.544905285137879 2.5446788358796293 
 2.544520599479922 2.544437495505618 2.544436884311992 2.544526271152147 
 2.544713729411105 2.545006899427786 2.5454138616947137 2.5459428688549997 
 2.546602975948483 2.5474023774310326 2.5483512510369515 2.549457435425012 
 2.550732616137861 2.552185452857162 2.5538265975229475 2.555666432869307 
 2.557714610659483 2.5599836207150846 2.5624840792948302 2.565227270896406 
 2.568224803726959 2.571489198873149 2.5750321126010465 2.5788660178474867 
 2.5830039257843556 2.587456350210283 2.592238764694627 2.5973625213156604 
 2.6028401827977876 2.608685992352216 2.614912319244875 2.6215319091167455 
 2.628557482651399 2.6360027407463225 2.6438774035191175 2.6521962327795126 
 2.660971135204969 2.670212215376424 2.6799305899325847 2.6901381920353207 
 2.7008439421943558 2.7120573333360443 2.723786934217766 2.7360396297464464 
 2.748824087154085 2.762143965724884 2.7760048626361744 2.7904105377955504 
 2.8053625803793323 2.820861888230496 2.836908417180721 2.8535003414227673 
 2.870633628233469 2.8883027483459838 2.9065005054949697 2.9252199896583675 
 2.9441822714921275 2.9614993054270604 2.974670748154637 2.9818917856600193 
 2.9839052379837208 2.982021399107804 2.9774963014604956 2.9715219575736995 
 2.9652641167280995 2.9599454195327084 2.957015907519562 2.958479419808365 
 2.9676186137467133 2.9866746332151375 3.006216256681438 3.00034276671563 
 2.9000261470027744 2.235497472020196
 /
 &NAMELIS2
 IYOKA = 1
 ISHOT = 136531
 ITIME = 3.745
 FE_TK = 1.5
 IZSTRP = 2*1
 IRFPLT = 0
 TORAY_VERSION = 1.8
 TORAY_PATH = '/fusion/projects/codes/toray/toray/xtoray'
 RFON = 6*-1.0
 RFTIME = 6*-1.0
 IRFCUR = 6*1
 FREQ = 6*110000000000.0
 WRFO = 6*0.0
 GAFSEP = 1e-06
 RELRF = 0.25
 HLWEC = 6*1.7
 RATWEC = 6*1.0
 RFMODE = 6*'ech'
 RFPOW = 6*0.0
 THETEC = 6*0.0
 PHAIEC = 6*0.0
 XEC = 6*0.0
 ZEC = 6*0.0
 NRAY = 6*30
 IDAMP = 6*8
 NECSMTH = 3
 QRADR = 0.0 0.01 0.02 0.03 0.04 0.05 0.06 0.07 0.08 0.09 0.1 0.11 0.12 0.13 
 0.14 0.15 0.16 0.17 0.18 0.19 0.2 0.21 0.22 0.23 0.24 0.25 0.26 0.27 0.28 
 0.29 0.3 0.31 0.32 0.33 0.34 0.35000000000000003 0.36 0.37 0.38 0.39 0.4 
 0.41000000000000003 0.42 0.43 0.44 0.45 0.46 0.47000000000000003 0.48 0.49 
 0.5 0.51 0.52 0.53 0.54 0.55 0.56 0.5700000000000001 0.58 0.59 0.6 0.61 0.62 
 0.63 0.64 0.65 0.66 0.67 0.68 0.6900000000000001 0.7000000000000001 0.71 
 0.72 0.73 0.74 0.75 0.76 0.77 0.78 0.79 0.8 0.81 0.8200000000000001 
 0.8300000000000001 0.84 0.85 0.86 0.87 0.88 0.89 0.9 0.91 0.92 0.93 
 0.9400000000000001 0.9500000000000001 0.96 0.97 0.98 0.99 1.0
 QRADIN = 0.017264997586607933 0.017257159575644755 0.017249319702010407 
 0.017240224405439205 0.017228614537817658 0.017215771601655536 
 0.017200110478012925 0.01718327216855855 0.017165292051156446 
 0.01714682207175712 0.017128145324964164 0.01710976846408593 
 0.017092049117259284 0.017075451083424995 0.01706047915005368 
 0.01704742573898943 0.017036827277898615 0.017029006035167545 
 0.01702443510392608 0.01702362298965454 0.017026962711004196 
 0.01703493484013596 0.017047988252680404 0.017066588616469636 
 0.017091212808947265 0.01712239906191826 0.01716040078778625 
 0.017205996386013514 0.017259554930629473 0.017321581076343764 
 0.01739297425679401 0.017473231980757044 0.01756398386653915 
 0.01766539723587266 0.017778022172476125 0.017902517768995863 
 0.018039472196294502 0.018189512118451122 0.018353635526604472 
 0.018531330194673193 0.01872456620589729 0.018933408039832678 
 0.019158656084000684 0.019401427178724485 0.019661638949951366 
 0.019940764056026853 0.020239611830141765 0.0205584932511111 
 0.020898737389893465 0.021261138485326056 0.02164640836417675 
 0.022055691509963938 0.022489898758907875 0.022949959574059757 
 0.02343714502315053 0.023952017838789946 0.024496234820148576 
 0.025070656512746477 0.02567642658407055 0.02631502956601575 
 0.02698755099876084 0.027695055013349748 0.02843924016644378 
 0.02922142521508354 0.030043035086860452 0.030905572940718624 
 0.031810564353089855 0.032759635019233777 0.03375458644538564 
 0.034796569750579605 0.03588800265359476 0.03703053173796631 
 0.03822601981935944 0.039476358687794616 0.04078362382176074 
 0.042150117456912994 0.043577735772137506 0.045069015696845585 
 0.04662624829103841 0.04825165884071033 0.049948395958784135 
 0.05171777637434243 0.05356400967333607 0.05548868283785384 
 0.05749619544333772 0.059587253756570195 0.061766997523073686 
 0.06403777637855089 0.066403270918701 0.06886717291595204 0.0714319857514394 
 0.07408159278374318 0.07671580781048051 0.07921033183615235 
 0.08145456064582797 0.08331608214792974 0.08467871156260347 
 0.08541735261677665 0.08541113140555424 0.0845301535226677 0.0826602578163147
 NQRAD = 101
 GENRAY_PATH = '/task/imd/genray/xgenray'
!----------------------------------------
! NFREYA
 NBEAMS = 2
! Number of neutral beam injectors (1 or 2)
 NSOURC = 2
! Number of sources per beamline.
 NAMEB = 'd'
! Name of neutral species in beam :
! 'h', 'd', 't', 'dt'
 FDBEAM = 1.0
! Fraction of deuterium atoms in neutral beam.
 BEAMON = 0.5005
! Time[sec] at which beam heating is turned on
! for all sources of beam line i
 BTIME = 4.6945
! Time interval[sec] during which beam heating
! is on. This is the pulse length for each pulse
! from all sources associated with beam line i
 TIMBPLT = 0.0
! Times (up to ntimbplt) to produce data for Freya-
! like plots of beam deposition. Output is processed
! by the NUBPLT code.
 ITERATE_BEAM = .False.
! allow up to imaxbeamconvg iterations.
 IMAXBEAMCONVG = 15
! if (time_dep_beam = 1) or (nubeam is selected)
! then 'false' is set internally
! IDDCAL = 3
! Flag controlling treatment of beam effects on fuscal
! the calculated fusion neutron rate:
!   0 = do not include knock-on or beam-d neutrons in fuscal
!   1 = include only knock-on neutrons in fuscal
!   2 = include only beam-d neutrons in fuscal
!   3 = include both knock-on and beam-d neutrons in fuscal (default)
! IBCX = 1
! Flag for secondary charge exchange between fast ions and
! thermal neutrals
!   1, include secondary charge exchange (default)
!   0, neglect secondary charge exchange
!   NOTE: thermal ion particle source due to secondary charge
!         exchange is not included in the ion density equation
!         independent of the setting of ibcx.
! RELNUB = 0.1
! Minimum relative change in ion density or electron temperature
! between neutral beam calculations (0.10 is suggested)
 EBKEV = 74.5686 81.5122
! Maximum particle energy in source (keV). Required.
 BPTOR = 3983210.0 539412.0
! Total power [w] through aperture into torus. Required.
 ANGLEH = 2*19.5
!
 ANGLEV = 2*0.0
 FBCUR = 0.8 0.14 0.06 0.8 0.14 0.06
! Fraction of current at energy ebkev/ie
! Note that this is the current fraction at the source
! before it enters the neutralizer.
 SFRAC1 = 0.312247 0.0
! Fraction of source current per beamline coming
! from upper source (used only for nsourc = 2)
 NPART = 50000
! Number of particles followed into plasma (suggest 10000)
 NPSKIP = 1
! Ratio of number of particles followed into plasma
! to number of source particles (suggest 1)
! npskip =1 is set in Nfreya if this is a parallel run
! with more than one processor
! * npskip=5 used for Snap-mode
 IBCUR = 1
! Flag for neutral beam driven current
!   1:include  0:neglect
! IBORB = 1
! Flag for modeling orbit effects on beam-generated fast ions
!   1 : do model orbit effects (this is the original method)
!   3 : use Monte Carlo Code MCGO to model fast ion slowing down(time-consuming)
 ANGRCPLE = 1.0
! multiplier for energy flux due to angular rotation in ion
! energy equation.
 NBEAMTCX = 1
! switch used to determine the form of the beam torque.
! 1 : the transfer of angular momentum from fast ions to
!     thermal ions and electrons is modified to account for
!     the cx losses (done with array ssprcxl)
! Need to think if this is also added into nubeam
! IEXCIT = 5
! Switch for atomic cross section data and model
!  0: (default) standard atomic data used. Outdated.
!  5: Use the JET-ADAS effective stopping cross sections
!     Prefered one. All ions considered fully stripped
! Need to think which way is better? here or into fusion part
! Switch for Fusion
!  1: Calculate sources and sinks associated with fusion
!  0: Do not calculate (Turned off)
!     NOTE THAT ifus=1 IS DEFAULT, so use this switch
!     to turn fusion calcs off.
! -1:
! Use new (thermal) d(d,n)he3 rate coefficient
! (highly recommended but not the default since we wish
! to remain comensurate with other input)
! The thermal rate and beam thermal rates are done with
! the Bosch+Hale cross sections, independently of this switch
! See the next IDDFUSB
! Switch for BEAM-THERMAL ION FUSION
! If IDDFUSB==1, then following flags are used;
!  - IDDFUSB_S, IDDFUSB_BULK, ICALC_CXFACTOR so on
! 1: Use more refined model which includes bulk and
!    thermal motion of ions by following flags;
!    -
! 1: Include bluk motion
! ICALC_CXFACTOR = 1
! 1: Do the charge exchange probability integral
!    instead of assuming it to be constant
!    (can be very time consuming, especially with 8 beamlets)
 HDEPSMTH = 100
 IDDFUSB_BULK = 1
 IDDFUSB_S = 1
 IDDFUSB = 1
 IDDFUSRATE = 1
 ICALC_CXFACTOR = 0
 IEXCIT = 5
 NUBEAM_PATH = '/fusion/projects/codes/nubeam/bin/d3d_nubeam_driver.py -n1 -t 3.745'
 /
 &NAMELIS3
 IFIXSHAP = 1
 XDIM = 170.0
 YDIM = 320.0
 REDGE = 84.0
 EQDSKIN = 'g136531.03755'
 IRGUESS = -99
 ITORFLUSE = 1
 ITERDB = 1
 NLIMITER = -1
 create_gcnmp_input = .True.
 write_ITERDB_txt = .False.
 ieqdsk = -1
 /
