 15-Sep-21 05/19/2021
 136536               1
  0.215000000E+04
*2150.000             1               0 SNB   3   2 CLC    40   41
  0.280699262E+02 0.169550000E+03-0.208955357E+01 0.129442975E+07
  0.129397608E+07 0.165763067E+03-0.104324832E+02 0.584486447E+02
  0.179050213E+01 0.376355045E+00 0.745775237E+00 0.179221685E+08
  0.169017713E+03-0.328552764E+01 0.630648364E+01 0.213197003E+01
  0.100864159E+01 0.898799239E+00 0.571445153E+01 0.111882879E+02
  0.308710806E+02 0.142024767E+02 0.460606235E+01-0.511118171E+00
  0.198811439E+03 0.135341510E+03 0.939512490E+02
  0.712772851E+14 0.768908312E+14 0.829194261E+14
  0.116891155E+03 0.114481192E+03
  0.803330275E+14 0.000000000E+00
  0.420284261E+01 0.310731756E+00 0.215539636E+01 0.187675145E+01
  0.744102200E+00 0.100627180E+02-0.500000000E+02-0.500000000E+02
 -0.500000000E+02-0.378652834E-03 0.179222475E+05 0.104171786E+07
  0.980826009E-03 0.138825742E+01 0.132864394E+01-0.449495851E-02
  0.142384858E+01 0.160857669E+03 0.000000000E+00 0.000000000E+00
  0.122173515E+03-0.115084906E+03 0.120687029E+03 0.115107515E+03
  0.103368165E+02-0.500000000E+02-0.205377123E+01-0.204083259E+01
  0.100000000E+03 0.364571153E+02 0.483764877E+02 0.571445153E+01
  0.173597682E+03-0.208131658E+01 0.280196665E+00 0.137761673E+05
  0.965319535E+00 0.204040001E+01 0.996975141E+06-0.623790771E-05
  0.584380142E-01 0.131844686E+05 0.117328854E+01 0.100000000E+02
    44   76   18    6
 -0.826503023E-01-0.803926592E-01-0.540382260E-01-0.283276236E-01
  0.170357131E-02-0.304002392E+00-0.357973100E+00 0.204193559E-01
 -0.140452123E+00-0.848437911E-01-0.820349124E-01-0.461065424E-01
 -0.760239123E-02 0.326537592E-01-0.309886274E+00-0.379049367E+00
  0.433714762E-01-0.131895388E+00-0.688775850E-01-0.699894286E-01
 -0.603688151E-01-0.380974036E-01-0.179810119E-01 0.449244302E-02
 -0.128706677E+00-0.317557253E+00-0.296337285E+00-0.342008040E+00
 -0.275856701E+00-0.713548387E-01-0.566482321E-01-0.233985798E-01
  0.541130318E-02 0.303647500E-01-0.155063114E+00-0.332920551E+00
 -0.304053421E+00-0.351463674E+00-0.280309160E+00-0.919670190E-02
 -0.786292742E-01-0.159085673E-01-0.631661412E-01-0.113894560E+00
  0.457149288E+00 0.439935661E+00 0.343613123E+00 0.144968162E+00
  0.463852441E-01-0.406850005E-01-0.930869749E-01 0.499389319E-01
  0.152700698E+00 0.238086656E+00 0.329677815E+00 0.288775284E+00
  0.352140992E+00 0.337222445E+00 0.299773054E+00 0.460149287E+00
  0.386851389E+00 0.179869166E+00 0.492256119E-01-0.750471656E-01
 -0.100546474E+00 0.205060602E-01 0.111681506E+00 0.165744727E+00
  0.313211167E+00 0.359071454E+00 0.315282262E+00 0.372174811E+00
  0.341417572E+00-0.102002553E+00-0.249285078E-01 0.731103421E-01
  0.153826827E+00 0.174997504E+00 0.252768992E+00 0.315975399E+00
  0.287217381E+00 0.302593721E+00 0.336895372E+00 0.296763362E+00
  0.343273485E+00 0.322247135E+00 0.314976846E+00 0.350389543E+00
  0.308319790E+00 0.165974063E+00 0.110431603E+00 0.291506287E-01
 -0.973491650E-01-0.717797161E-01 0.485170468E-01 0.182785489E+00
  0.387984344E+00 0.460192113E+00 0.456886896E+00 0.439911276E+00
  0.345879636E+00 0.153290646E+00 0.447967732E-01-0.471377467E-01
  0.119715242E+00 0.142260908E+00 0.124644103E+00 0.110442125E+00
 -0.618790054E-01-0.392539669E-01-0.157679550E+00-0.199150241E+00
 -0.568114767E-01-0.453610456E-01 0.100974378E+00 0.379600656E-01
  0.185068538E-01 0.675534605E-01 0.930760327E-01 0.100063204E+00
 -0.119992340E+06-0.112625104E+06-0.127833477E+05 0.530429533E+05
  0.937660580E+05-0.198341350E+06-0.255754307E+06 0.158717524E+06
 -0.825657774E+05-0.131810988E+06-0.133648573E+06-0.172701201E+05
  0.751755395E+05 0.135705253E+06-0.204598691E+06-0.288136614E+06
  0.165328107E+06-0.870337127E+05
 -0.111859336E+05-0.108765801E+05-0.111115605E+05-0.109765566E+05
 -0.110948184E+05-0.108407578E+05
  0.000000000E+00 0.101930944E+03-0.122638191E+03 0.130809929E+03
 -0.136300000E+03 0.000000000E+00 0.000000000E+00 0.000000000E+00
  0.000000000E+00 0.000000000E+00 0.667229977E+02 0.505016281E+00
  0.423862311E+00 0.127596086E+01-0.226112104E+01-0.264771856E+00
 -0.570580303E+00 0.000000000E+00 0.999000000E+03 0.206941407E+01
  0.159453809E+02 0.123447219E+01 0.640782392E+01-0.392526811E+00
  0.509360904E+01 0.827939700E+01 0.484351149E+01 0.256722577E+00
  0.104900817E+00 0.261279894E+00 0.107367242E+01 0.223991912E+01
  0.516192625E+02 0.324764574E+01 0.403634145E+01 0.180028978E+02
  0.806274297E+01 0.354682631E+01 0.564626374E+01 0.481924146E+01
  0.178377992E+01 0.115210117E+03 0.117286610E+03 0.101930944E+03
 -0.122638191E+03 0.130101683E+03 0.134800002E+03 0.130809929E+03
 -0.136300000E+03 0.101201122E+08 0.314087570E+00 0.489608782E+00
  0.143291351E+03 0.166343750E+03 0.000000000E+00 0.709732229E+00
  0.000000000E+00-0.413291241E+01 0.000000000E+00 0.100000000E+11
                                            KIM
