 10-Sep-20 05/28/2020
 155196               1
  0.220000000E+04
*2200.000             1               0 SNB   3   2 CLC    40   41
  0.791075475E+01 0.169550002E+03-0.168985564E+01 0.129809050E+07
  0.129158476E+07 0.173538651E+03-0.109572085E+02 0.559459212E+02
  0.184661682E+01 0.342259551E+00 0.806835598E+00 0.176182758E+08
  0.173380000E+03-0.385053941E+01 0.430131369E+01 0.273921665E+01
  0.746906526E+00 0.853555171E+00 0.159927297E+02 0.703201715E+01
  0.371462885E+02 0.129439114E+02 0.331222297E+01-0.735006390E+00
  0.198252113E+03 0.145680005E+03 0.109754813E+03
  0.418120283E+14 0.453557070E+14 0.455621537E+14
  0.111842410E+03 0.108942862E+03
  0.483494648E+14 0.000000000E+00
  0.352408507E+01 0.316177711E+00 0.215221786E+01 0.127369621E+01
  0.708472654E+00 0.591667294E+01-0.500000000E+02-0.500000000E+02
 -0.500000000E+02-0.463437552E-01 0.167993708E+05 0.785133560E+06
  0.660117963E-03 0.141655952E+01 0.103922002E+01-0.167004372E-01
  0.144634358E+01 0.165805282E+03 0.000000000E+00 0.000000000E+00
  0.128399490E+03-0.114267888E+03 0.129995703E+03 0.117001859E+03
  0.933301957E+01-0.500000000E+02-0.167448544E+01-0.161743450E+01
  0.100000000E+03 0.452031048E+02 0.527482182E+02 0.703201715E+01
  0.177141656E+03-0.230281226E+01 0.228711029E+00 0.253014005E+04
  0.758500838E+00 0.278173781E+01 0.797321274E+06-0.162248112E-04
  0.240257010E+00 0.256941569E+04 0.119403324E+01 0.100000000E+02
    44   76   18    6
 -0.190010763E+00-0.167819941E+00-0.123420832E+00-0.937112829E-01
 -0.639371507E-01-0.325145636E+00-0.342236424E+00-0.171279997E-01
 -0.162255742E+00-0.196826624E+00-0.178469845E+00-0.129694962E+00
 -0.435038774E-01 0.282351585E-02-0.293126381E+00-0.396260231E+00
  0.571209850E-02-0.160552704E+00-0.178523575E+00-0.166803623E+00
 -0.137418241E+00-0.104088814E+00-0.823049904E-01-0.510402086E-01
 -0.152593797E+00-0.311218975E+00-0.290162604E+00-0.366767199E+00
 -0.296095952E+00-0.175045176E+00-0.146564044E+00-0.815827710E-01
 -0.292397732E-01-0.359719803E-02-0.184343170E+00-0.357779326E+00
 -0.325557637E+00-0.339100325E+00-0.271363878E+00-0.465572993E-01
 -0.111874296E+00-0.552503289E-01-0.987810270E-01-0.145835720E+00
  0.498601345E+00 0.478158146E+00 0.355890779E+00 0.147180154E+00
  0.675857956E-01-0.825689114E-02-0.125955752E+00 0.294929158E-01
  0.128646315E+00 0.208715068E+00 0.291721586E+00 0.271593981E+00
  0.364907207E+00 0.349044744E+00 0.302660070E+00 0.507238394E+00
  0.412116753E+00 0.242949604E+00 0.952840285E-02-0.118273356E+00
 -0.112750492E+00 0.120194365E-01 0.990087623E-01 0.157989173E+00
  0.308459471E+00 0.349820442E+00 0.306614510E+00 0.355925974E+00
  0.327671760E+00-0.131405426E+00-0.524697853E-01 0.534220429E-01
  0.129502148E+00 0.151917644E+00 0.221298607E+00 0.283207114E+00
  0.271624526E+00 0.301719637E+00 0.348676544E+00 0.299432355E+00
  0.329341245E+00 0.312890315E+00 0.306484148E+00 0.341603257E+00
  0.303529667E+00 0.158171270E+00 0.979667074E-01 0.202549798E-01
 -0.110005534E+00-0.115689982E+00 0.866232560E-02 0.245675826E+00
  0.412733537E+00 0.506825278E+00 0.498053600E+00 0.477649889E+00
  0.358206541E+00 0.155392060E+00 0.670396318E-01-0.143853695E-01
  0.821934492E-01 0.106511373E+00 0.112473028E+00 0.103091327E+00
 -0.492257581E-01-0.236638729E-01-0.122612703E+00-0.163832131E+00
 -0.257393022E-01-0.557289934E-01 0.110178460E+00 0.718759144E-01
  0.531611354E-01 0.549877308E-01 0.821584512E-01 0.913559239E-01
 -0.172336130E+06-0.127805964E+06-0.114246345E+04 0.532485385E+05
  0.605225816E+05-0.219342509E+06-0.202690666E+06 0.198168623E+06
 -0.662471177E+05-0.195085616E+06-0.156094129E+06-0.796367860E+05
  0.158044589E+06 0.180299774E+06-0.168456328E+06-0.284375661E+06
  0.162930565E+06-0.734697434E+05
 -0.192065938E+05-0.189432871E+05-0.190348730E+05-0.189016230E+05
 -0.192190488E+05-0.189665723E+05
  0.000000000E+00 0.101600001E+03-0.118790485E+03 0.135100084E+03
 -0.136299999E+03 0.000000000E+00 0.000000000E+00 0.000000000E+00
  0.000000000E+00 0.000000000E+00 0.722425778E+02 0.000000000E+00
  0.612489277E+00 0.192583642E+01-0.336476963E+01-0.312301638E+00
 -0.591539855E+00 0.000000000E+00 0.999000000E+03 0.199829820E+01
  0.138956430E+02 0.103922002E+01 0.638344654E+00-0.331121900E-01
  0.445971216E+01 0.680102009E+01 0.403813753E+01 0.000000000E+00
  0.554050048E+00 0.604053009E+00 0.117629658E+01 0.229125099E+01
  0.530597195E+02 0.218560956E+01 0.881868402E+01 0.138790204E+02
  0.150499853E+01 0.353571490E+01 0.126733124E+02 0.693621177E+01
  0.144427906E+01 0.121517281E+03 0.120814811E+03 0.101600001E+03
 -0.118790485E+03 0.138054007E+03 0.134800000E+03 0.135100084E+03
 -0.136299999E+03 0.571480512E+06 0.532015453E+00 0.725384737E+00
  0.138252599E+03 0.166343750E+03 0.000000000E+00 0.657696749E+00
  0.000000000E+00-0.298331030E+01 0.000000000E+00 0.111313577E+02
                                            MSE
