 10-Sep-20 05/28/2020
 155196               1
  0.300000000E+04
*3000.000             1               0 SNB   3   2 CLC    40   41
  0.901830297E+01 0.169550002E+03-0.169159539E+01 0.130063300E+07
  0.129090771E+07 0.173520043E+03-0.102201115E+02 0.557087960E+02
  0.185487587E+01 0.367222844E+00 0.790152705E+00 0.174577174E+08
  0.173880598E+03-0.325045322E+01 0.434774659E+01 0.294916717E+01
  0.800313337E+00 0.882248078E+00 0.162112465E+02 0.728774229E+01
  0.368164127E+02 0.133904938E+02 0.328877848E+01-0.728320682E+00
  0.198700740E+03 0.144780526E+03 0.108597152E+03
  0.537264742E+14 0.594433042E+14 0.590453838E+14
  0.111376002E+03 0.108433636E+03
  0.631483040E+14 0.000000000E+00
  0.351617515E+01 0.317295793E+00 0.217063162E+01 0.139640329E+01
  0.712139730E+00 0.592931512E+01-0.500000000E+02-0.500000000E+02
 -0.500000000E+02-0.742460444E-01 0.166344938E+05 0.839513187E+06
  0.963622039E-03 0.141003730E+01 0.101864470E+01-0.145429928E-01
  0.144149504E+01 0.165744404E+03 0.000000000E+00 0.000000000E+00
  0.129501587E+03-0.113553013E+03 0.130437194E+03 0.116485952E+03
  0.940607448E+01-0.500000000E+02-0.169061254E+01-0.162287838E+01
  0.913961324E+01 0.453091599E+02 0.525453961E+02 0.728774229E+01
  0.176729202E+03-0.187071510E+01 0.208948608E+00 0.827007961E+04
  0.814769456E+00 0.300243820E+01 0.854677377E+06-0.139575256E-04
  0.786362216E-01 0.841946268E+04 0.128176120E+01 0.100000000E+02
    44   76   18    6
 -0.218732304E+00-0.199668073E+00-0.151586927E+00-0.119344704E+00
 -0.878766177E-01-0.359827092E+00-0.372808118E+00-0.426582838E-01
 -0.187162585E+00-0.224538630E+00-0.207711689E+00-0.157417686E+00
 -0.704702772E-01-0.236478799E-01-0.329263598E+00-0.431617241E+00
 -0.190627970E-01-0.180436625E+00-0.206660834E+00-0.197265686E+00
 -0.167434767E+00-0.130836123E+00-0.107302478E+00-0.756898468E-01
 -0.177916391E+00-0.341089600E+00-0.319928468E+00-0.402539590E+00
 -0.329998901E+00-0.203695736E+00-0.175275932E+00-0.108977701E+00
 -0.559682534E-01-0.296134182E-01-0.208078452E+00-0.390837775E+00
 -0.359191035E+00-0.377033569E+00-0.307628389E+00-0.711231302E-01
 -0.134393677E+00-0.812458161E-01-0.124077578E+00-0.171577422E+00
  0.493118297E+00 0.474862662E+00 0.364426946E+00 0.146770640E+00
  0.659627940E-01-0.140336492E-01-0.127290530E+00 0.275189393E-01
  0.128084688E+00 0.210575384E+00 0.295366329E+00 0.275680488E+00
  0.372861403E+00 0.355670937E+00 0.307636810E+00 0.500328520E+00
  0.409645841E+00 0.237462152E+00 0.773445799E-02-0.119650639E+00
 -0.118093931E+00 0.381874673E-02 0.845068498E-01 0.157387026E+00
  0.311587792E+00 0.354100406E+00 0.309983383E+00 0.362441718E+00
  0.332840253E+00-0.133287674E+00-0.536029225E-01 0.510406210E-01
  0.128913846E+00 0.152521735E+00 0.223346884E+00 0.286854713E+00
  0.275806739E+00 0.307524490E+00 0.355270188E+00 0.304325591E+00
  0.334566368E+00 0.317189429E+00 0.309827657E+00 0.345549844E+00
  0.306534333E+00 0.157573840E+00 0.836989633E-01 0.117229730E-01
 -0.115382723E+00-0.117166242E+00 0.695859216E-02 0.240207366E+00
  0.410184926E+00 0.499968352E+00 0.492600087E+00 0.474428196E+00
  0.366622003E+00 0.155237088E+00 0.654643328E-01-0.202782163E-01
  0.810879053E-01 0.105838184E+00 0.111895622E+00 0.102310699E+00
 -0.505158848E-01-0.249819180E-01-0.124269830E+00-0.166552769E+00
 -0.284898688E-01-0.609926804E-01 0.109262215E+00 0.744505640E-01
  0.517198842E-01 0.465052341E-01 0.727120971E-01 0.817686053E-01
 -0.171177888E+06-0.140850258E+06-0.136955983E+04 0.549818108E+05
  0.665898784E+05-0.223704965E+06-0.203658174E+06 0.196386695E+06
 -0.640363340E+05-0.191959853E+06-0.160570884E+06-0.784424134E+05
  0.157725655E+06 0.178967444E+06-0.172410486E+06-0.289352812E+06
  0.164484481E+06-0.625150888E+05
 -0.223918828E+05-0.218194082E+05-0.222052852E+05-0.218297402E+05
 -0.223592734E+05-0.219032168E+05
  0.000000000E+00 0.101600001E+03-0.118295174E+03 0.136359335E+03
 -0.136299999E+03 0.000000000E+00 0.000000000E+00 0.000000000E+00
  0.000000000E+00 0.000000000E+00 0.723190956E+02 0.000000000E+00
  0.640318444E+00 0.253315588E+01-0.314175713E+01-0.311603744E+00
 -0.603268795E+00 0.000000000E+00 0.999000000E+03 0.204078608E+01
  0.141101802E+02 0.982372760E+00 0.438803735E+01-0.182645578E+00
  0.451940688E+01 0.678651508E+01 0.388045782E+01 0.269614498E+00
  0.561450607E+00 0.626392351E+00 0.117853801E+01 0.229004704E+01
  0.529015284E+02 0.186811449E+01 0.947862156E+01 0.137948932E+02
  0.546301597E+00 0.320199314E+01 0.119195253E+02 0.661977930E+01
  0.148380521E+01 0.121185019E+03 0.120485019E+03 0.101600001E+03
 -0.118295174E+03 0.138452645E+03 0.134800001E+03 0.136359335E+03
 -0.136299999E+03 0.724351747E+06 0.570708204E+00 0.739689582E+00
  0.137095488E+03 0.166343750E+03 0.000000000E+00 0.679167673E+00
  0.000000000E+00-0.295150801E+01 0.000000000E+00 0.113509451E+02
                                            MSE
