 12-Feb-21 11/23/2020
 166616               1
  0.176500000E+04
*1765.000             1               0 SNB   3   2 CLC    40   41
  0.596336043E+02 0.169550000E+03-0.200476075E+01 0.129166975E+07
  0.128668887E+07 0.169760046E+03-0.423160276E+01 0.566023604E+02
  0.181304711E+01 0.318461473E+00 0.566748555E+00 0.170247841E+08
  0.169694102E+03 0.348745090E+01 0.506460285E+01 0.191359284E+01
  0.743091614E+00 0.741328330E+00 0.115580762E+02 0.927662995E+01
  0.308371058E+02 0.181458086E+02 0.371418265E+01-0.513718254E+00
  0.199786055E+03 0.132948037E+03 0.953223621E+02
  0.445937029E+14 0.476000874E+14 0.465961415E+14
  0.113101704E+03 0.111903086E+03
  0.531601813E+14 0.000000000E+00
  0.219061822E+01 0.321313113E+00 0.208100508E+01 0.123026442E+01
  0.738937004E+00 0.726319960E+01-0.500000000E+02-0.500000000E+02
 -0.500000000E+02 0.603772895E-01 0.166012595E+05 0.779528991E+06
  0.974874135E-03 0.134789146E+01 0.116249343E+01-0.128051901E-01
  0.143691383E+01 0.163541546E+03-0.492471196E-01 0.000000000E+00
  0.137680740E+03-0.106854349E+03-0.999000000E+03-0.999000000E+03
  0.134225094E+02-0.500000000E+02-0.195625391E+01-0.193522081E+01
  0.100000000E+03 0.358946260E+02 0.476643737E+02 0.927662995E+01
  0.175642585E+03 0.526529143E+01 0.311684756E+00 0.000000000E+00
  0.582919076E+00 0.150112012E+01 0.611502418E+06-0.197265119E-04
 -0.153113520E-01 0.000000000E+00 0.865501473E+00 0.100000000E+02
    44   76   18    6
 -0.295157008E-02 0.149316566E-02 0.170361064E-01 0.767721563E-01
  0.888811662E-01-0.150731037E+00-0.230626559E+00 0.649263466E-01
  0.417469082E-01-0.594241738E-02 0.122362594E-01 0.380140768E-01
  0.561440175E-01 0.177578311E+00-0.141422945E+00-0.407031180E+00
  0.214162624E+00 0.122026922E+00 0.103506459E-01 0.126420392E-01
  0.167851550E-01 0.524156201E-01 0.798206128E-01 0.797131554E-01
  0.365706900E-01-0.186103713E+00-0.164962509E+00-0.187338927E+00
 -0.124473394E+00 0.151901974E-01 0.340169121E-01 0.497031331E-01
  0.105716987E+00 0.180172707E+00 0.234260580E-01-0.323822638E+00
 -0.296902544E+00-0.199791683E+00-0.143827018E+00 0.162457138E+00
  0.129017032E+00 0.130144905E+00 0.964188201E-01 0.357414256E-01
  0.476671084E+00 0.473864016E+00 0.382931661E+00 0.460299581E+00
  0.426197025E+00 0.392046728E+00 0.292736243E+00 0.274677953E+00
  0.107984425E+00 0.334107689E+00 0.298091116E+00 0.297735789E+00
  0.302406559E+00 0.327540846E+00 0.274875924E+00 0.480908734E+00
  0.351725997E+00 0.468895976E+00 0.417797691E+00 0.364007988E+00
  0.236877942E+00 0.274750944E+00 0.475454698E+00 0.365543634E+00
  0.436705904E+00 0.353227390E+00 0.350615645E+00 0.311975173E+00
  0.273881571E+00 0.169734690E-01 0.355592747E-01 0.165917345E-01
  0.107367500E+00 0.167281441E+00 0.262500805E+00 0.331284683E+00
  0.295430067E+00 0.302651218E+00 0.322946248E+00 0.271768094E+00
  0.275595988E+00 0.310975407E+00 0.349779307E+00 0.443711633E+00
  0.406799304E+00 0.183822390E+00-0.137842249E+00-0.120035456E+00
 -0.223988204E+00-0.121227121E+00 0.248195352E+00 0.208851807E+00
  0.353092184E+00 0.474312114E+00 0.476288168E+00 0.464934306E+00
  0.384696107E+00 0.255406350E+00 0.199921993E-02-0.395362804E-01
  0.764178257E-01 0.104199507E+00 0.121132152E+00 0.105522295E+00
 -0.562077386E-03-0.204033525E-02-0.132504178E+00-0.195779356E+00
 -0.922539244E-02-0.304645980E-01 0.160554709E+00-0.107495931E-01
  0.425944125E-02-0.731294205E-01-0.638412135E-01-0.562243614E-01
 -0.148841290E+06-0.128947101E+06-0.113018640E+06 0.110765942E+06
  0.961620590E+05-0.182530166E+06-0.280049355E+06-0.166052927E+04
  0.402415482E+05-0.172415430E+06-0.109613366E+06-0.290635147E+05
 -0.102309088E+06 0.232751410E+06-0.109683636E+06-0.485133024E+06
  0.195343697E+06 0.114127189E+06
 -0.452345752E+04-0.458995215E+04-0.445878857E+04-0.450228320E+04
 -0.449387939E+04-0.448285986E+04
  0.000000000E+00 0.106131465E+03-0.126930694E+03 0.148511922E+03
 -0.124999999E+03 0.000000000E+00 0.000000000E+00 0.000000000E+00
  0.000000000E+00 0.000000000E+00 0.739542253E+02 0.000000000E+00
  0.675854253E+00 0.108726211E+01-0.400000000E+02-0.309710346E+00
 -0.453141580E+00 0.000000000E+00 0.999000000E+03 0.205572798E+01
  0.134183105E+02 0.116249343E+01 0.852205944E+01 0.292455997E+00
  0.460603527E+01 0.451084588E+01 0.296347344E+01 0.000000000E+00
 -0.621172033E+00-0.304257390E-01 0.113171487E+01 0.226077870E+01
  0.510824575E+02 0.305361088E+01-0.890000000E+02 0.181520186E+02
 -0.890000000E+02-0.890000000E+02-0.890000000E+02-0.890000000E+02
  0.148343032E+01-0.890000000E+02-0.890000000E+02 0.106131465E+03
 -0.126930694E+03-0.890000000E+02-0.890000000E+02 0.148511922E+03
 -0.124999999E+03 0.667865895E+05 0.227852686E+00 0.483391814E+00
  0.150636426E+03 0.167671875E+03 0.000000000E+00 0.587187505E+00
  0.000000000E+00-0.357454736E+01 0.000000000E+00 0.927662995E+01
                                            MSE
