  2-Aug-12 03/13/2012
 150142               1
  0.204000000E+04
*2040.000             1               0 SNT   3   2 CLC    39   40
  0.127812201E+02 0.169550002E+03-0.191591422E+01 0.996103938E+06
  0.998877207E+06 0.166009580E+03 0.801582957E+01 0.595356297E+02
  0.175640685E+01 0.671883966E+00 0.306700040E+00 0.179505952E+08
  0.166554415E+03-0.971558737E+00 0.692020345E+01 0.529539561E+00
  0.349058585E+00 0.137771385E+01 0.487436573E+01 0.109772811E+02
  0.917012989E+01 0.284470451E+02 0.504157983E+01-0.804040211E+00
  0.195921278E+03 0.135775277E+03 0.974626363E+02
  0.214889157E+14 0.223962388E+14 0.168281782E+14
  0.118987793E+03 0.116345503E+03
  0.228728287E+14 0.000000000E+00
  0.621573682E+01 0.241013157E+00 0.216945848E+01 0.102657771E+01
  0.634065193E+00 0.115065725E+02-0.500000000E+02-0.500000000E+02
 -0.500000000E+02 0.113470298E+00 0.178903058E+05 0.217225129E+06
  0.905612363E-03 0.124015874E+01 0.853539105E+00-0.196905882E-01
  0.135930080E+01 0.155807217E+03 0.000000000E+00 0.000000000E+00
  0.125892396E+03-0.130762374E+03 0.126008545E+03 0.112584618E+03
 -0.100000000E+03-0.500000000E+02-0.197433249E+01-0.190479431E+01
  0.186484244E+02 0.423226309E+02 0.503495293E+02 0.487436573E+01
  0.170539809E+03-0.169116615E+01 0.405051426E+00 0.451591893E+03
  0.314971331E+00 0.477827470E+00 0.196012048E+06-0.207248527E-04
  0.481561571E+00 0.407491768E+03 0.103847538E+01 0.100000000E+02
    44   76   18    6
  0.329499137E-01 0.575204789E-01 0.810555351E-01 0.104918399E+00
  0.131930218E+00-0.101106746E+00-0.191979848E+00 0.159452645E+00
  0.614218773E-01 0.437930139E-01 0.435259250E-01 0.679175263E-01
  0.857661995E-01 0.829646034E-01-0.118691197E+00-0.114953706E+00
  0.105211329E+00 0.553111316E-01 0.516810702E-01 0.556118666E-01
  0.752817352E-01 0.956623439E-01 0.114104404E+00 0.138283343E+00
  0.590059857E-01-0.148238755E+00-0.134783117E+00-0.130303079E+00
 -0.845441470E-01 0.546921196E-01 0.614713988E-01 0.800997961E-01
  0.834910440E-01 0.900030796E-01 0.295148831E-01-0.832888192E-01
 -0.681063030E-01-0.140621190E+00-0.871514765E-01 0.894310591E-01
  0.696454851E-01 0.878300262E-01 0.724373067E-01 0.479759801E-01
  0.437703314E+00 0.448159354E+00 0.269984187E+00 0.117649042E+00
  0.444609335E-01-0.237000911E-01-0.100083073E+00-0.142113657E-01
  0.987536218E-01 0.197950513E+00 0.283818311E+00 0.232372122E+00
  0.254634070E+00 0.245938788E+00 0.229032146E+00 0.400111130E+00
  0.311097442E+00 0.122438392E+00 0.175691059E-01 0.296241832E-01
 -0.284911770E-01 0.469707538E-02 0.163158717E-01 0.958868458E-01
  0.184588211E+00 0.224272421E+00 0.211949336E+00 0.279915974E+00
  0.269313364E+00-0.104612434E+00-0.540160426E-01-0.670823258E-02
  0.985377521E-01 0.134976035E+00 0.212131052E+00 0.268132967E+00
  0.229651573E+00 0.228148170E+00 0.245857275E+00 0.226883234E+00
  0.270741964E+00 0.229983419E+00 0.211856398E+00 0.221067824E+00
  0.181701065E+00 0.957983183E-01 0.168862412E-01 0.714147609E-02
 -0.269062891E-01 0.284547108E-01 0.170842710E-01 0.124917592E+00
  0.312610794E+00 0.400559762E+00 0.437981407E+00 0.447243514E+00
  0.272768960E+00 0.123720369E+00 0.439958881E-01-0.293301460E-01
  0.610094209E-01 0.846173123E-01 0.650391686E-01 0.620811473E-01
 -0.697092818E-01-0.601605851E-01-0.137397024E+00-0.179556499E+00
 -0.368832633E-01-0.490332072E-01 0.851282229E-01 0.555389275E-01
  0.292802731E-01 0.307387308E-01 0.360866766E-01 0.371890666E-01
 -0.163187411E+06-0.570672617E+05 0.153750464E+04 0.614614552E+05
  0.801925582E+05-0.132665452E+06-0.252290687E+06 0.143415970E+06
  0.320926402E+04-0.961663632E+05-0.104126308E+06-0.136322478E+04
  0.677052294E+05 0.617397602E+04-0.179815935E+06-0.161952949E+06
  0.836545497E+05 0.492688206E+04
  0.345332886E+04 0.349841479E+04 0.341928662E+04 0.334069141E+04
  0.360416479E+04 0.353291064E+04
  0.000000000E+00 0.115945633E+03 0.117486775E+03 0.138163457E+03
  0.134800002E+03 0.000000000E+00 0.000000000E+00 0.000000000E+00
  0.000000000E+00 0.000000000E+00 0.650438925E+02 0.000000000E+00
  0.174450897E+00 0.214337976E+00 0.343017982E+01-0.132721201E+00
 -0.755314582E+00 0.300000000E+01 0.999000000E+03 0.395620082E+01
  0.154863649E+02 0.853539105E+00 0.000000000E+00 0.188890324E+00
 -0.999000000E+03-0.999000000E+03 0.533789912E+01 0.000000000E+00
  0.150373276E+00 0.157862877E+00 0.106601710E+01 0.225545210E+01
  0.515810062E+02 0.432914261E+01 0.917012989E+01 0.571372484E+01
  0.156336058E+01 0.145243729E+00 0.678154329E+01 0.927670755E+00
  0.143854522E+01 0.115945633E+03 0.117486775E+03-0.890000000E+02
 -0.890000000E+02 0.138163457E+03 0.134800002E+03 0.130381042E+03
 -0.136300000E+03 0.130767220E+05 0.477041893E+00 0.642803928E+00
  0.134443622E+03 0.161031250E+03 0.000000000E+00 0.109842968E+01
                                            MAG
