 0.374500000E+01
   8  51  30   3
 0.110000000E+12 0.000000000E+00 0.239990000E+03 0.679400000E+02 0.116023000E+03
 0.182501000E+03 0.170000000E+01 0.100000000E+01 0.169550002E+03-0.169241006E+05
 0.740311317E+02
 0.000000000E+00 0.633085306E-03 0.253356507E-02 0.570543236E-02 0.101557796E-01
 0.158941988E-01 0.229311661E-01 0.312828282E-01 0.409597711E-01 0.519693371E-01
 0.643180744E-01 0.780037112E-01 0.930203226E-01 0.109353778E+00 0.126980037E+00
 0.145863663E+00 0.165956759E+00 0.187198416E+00 0.209514825E+00 0.232820170E+00
 0.257018482E+00 0.282006494E+00 0.307677576E+00 0.333926472E+00 0.360652907E+00
 0.387762724E+00 0.415167950E+00 0.442786781E+00 0.470543444E+00 0.498367892E+00
 0.526195341E+00 0.553965720E+00 0.581623034E+00 0.609114557E+00 0.636389960E+00
 0.663400356E+00 0.690097058E+00 0.716432325E+00 0.742362074E+00 0.767845367E+00
 0.792841175E+00 0.817304451E+00 0.841177664E+00 0.864388206E+00 0.886860505E+00
 0.908522447E+00 0.929293447E+00 0.949101945E+00 0.968109869E+00 0.986558003E+00
 0.100000000E+01
 0.187654754E+01 0.187596958E+01 0.187430269E+01 0.187164675E+01 0.186810147E+01
 0.186375511E+01 0.185869549E+01 0.185302026E+01 0.184681865E+01 0.184016910E+01
 0.183318873E+01 0.182594457E+01 0.181855948E+01 0.181112116E+01 0.180373765E+01
 0.179652083E+01 0.178960008E+01 0.178306944E+01 0.177709239E+01 0.177178492E+01
 0.176731085E+01 0.176380550E+01 0.176145105E+01 0.176041150E+01 0.176087417E+01
 0.176303365E+01 0.176708155E+01 0.177323951E+01 0.178172593E+01 0.179253477E+01
 0.180528629E+01 0.181953970E+01 0.183481888E+01 0.185062375E+01 0.186642390E+01
 0.188167541E+01 0.189576840E+01 0.190808571E+01 0.191801366E+01 0.192490550E+01
 0.192806427E+01 0.192679462E+01 0.192047124E+01 0.190838295E+01 0.188993204E+01
 0.186492541E+01 0.184252463E+01 0.184121706E+01 0.188756010E+01 0.205059169E+01
 0.265884536E+01
 0.620259094E+14 0.619990873E+14 0.619201422E+14 0.617913532E+14 0.616150045E+14
 0.613933802E+14 0.611287403E+14 0.608233833E+14 0.604795884E+14 0.600996114E+14
 0.596857739E+14 0.592403125E+14 0.587655448E+14 0.582637355E+14 0.577371311E+14
 0.571880725E+14 0.566187904E+14 0.560316182E+14 0.554287676E+14 0.548125695E+14
 0.541852858E+14 0.535492130E+14 0.529065894E+14 0.522597220E+14 0.516108986E+14
 0.509623957E+14 0.503164810E+14 0.496754510E+14 0.490415431E+14 0.484171242E+14
 0.478043754E+14 0.472056390E+14 0.466232010E+14 0.460592993E+14 0.455162193E+14
 0.449962518E+14 0.445016868E+14 0.440348008E+14 0.435978506E+14 0.431931776E+14
 0.428229716E+14 0.424895858E+14 0.421952673E+14 0.419423010E+14 0.417329740E+14
 0.415482802E+14 0.409068496E+14 0.388794656E+14 0.345185208E+14 0.268764292E+14
 0.153602149E+14
 0.374642253E+01 0.374323750E+01 0.373384952E+01 0.371851373E+01 0.369748139E+01
 0.367100597E+01 0.363934016E+01 0.360273814E+01 0.356145167E+01 0.351573350E+01
 0.346583844E+01 0.341201758E+01 0.335452483E+01 0.329361293E+01 0.322953439E+01
 0.316254381E+01 0.309289238E+01 0.302083350E+01 0.294662100E+01 0.287050603E+01
 0.279274537E+01 0.271358747E+01 0.263328718E+01 0.255209974E+01 0.247027464E+01
 0.238806534E+01 0.230572597E+01 0.222351083E+01 0.214167071E+01 0.206045907E+01
 0.198012958E+01 0.190093448E+01 0.182312626E+01 0.174696014E+01 0.167268768E+01
 0.160056110E+01 0.153083430E+01 0.146375934E+01 0.139959094E+01 0.133858088E+01
 0.128098229E+01 0.122704838E+01 0.117703205E+01 0.113118616E+01 0.108976387E+01
 0.105301805E+01 0.101573971E+01 0.917586781E+00 0.705410061E+00 0.409968912E+00
 0.728955643E-01
