  51
 0.000000000E+00 0.633086248E-03 0.253356892E-02 0.570544224E-02 0.101557969E-01
 0.158942264E-01 0.229312073E-01 0.312828852E-01 0.409598466E-01 0.519694314E-01
 0.643181916E-01 0.780038552E-01 0.930204932E-01 0.109353979E+00 0.126980271E+00
 0.145863933E+00 0.165957064E+00 0.187198761E+00 0.209515212E+00 0.232820598E+00
 0.257018956E+00 0.282007015E+00 0.307678142E+00 0.333927087E+00 0.360653571E+00
 0.387763439E+00 0.415168715E+00 0.442787597E+00 0.470544312E+00 0.498368810E+00
 0.526196311E+00 0.553966741E+00 0.581624105E+00 0.609115680E+00 0.636391133E+00
 0.663401579E+00 0.690098330E+00 0.716433646E+00 0.742363442E+00 0.767846782E+00
 0.792842637E+00 0.817305958E+00 0.841179215E+00 0.864389800E+00 0.886862140E+00
 0.908524122E+00 0.929295160E+00 0.949103695E+00 0.968111654E+00 0.986559822E+00
 0.100000000E+01
 0.170596901E+08
 0.454883514E-03 0.136395814E-02 0.227159305E-02 0.317724052E-02 0.408100170E-02
 0.498214097E-02 0.588334833E-02 0.678105810E-02 0.767417153E-02 0.856446754E-02
 0.944929095E-02 0.103307867E-01 0.112090800E-01 0.120841226E-01 0.129556962E-01
 0.138233571E-01 0.146864521E-01 0.155440729E-01 0.163950691E-01 0.172381328E-01
 0.180718468E-01 0.188949299E-01 0.197061766E-01 0.205045836E-01 0.212895123E-01
 0.220603918E-01 0.228167068E-01 0.235579428E-01 0.242835747E-01 0.249929975E-01
 0.256854789E-01 0.263602332E-01 0.270161528E-01 0.276519791E-01 0.282660671E-01
 0.288566784E-01 0.294217573E-01 0.299587014E-01 0.304665471E-01 0.309459205E-01
 0.313975910E-01 0.318245297E-01 0.322272643E-01 0.325919937E-01 0.329031861E-01
 0.331627831E-01 0.333417876E-01 0.333364686E-01 0.330693673E-01 0.263869268E-01
 0.000000000E+00 0.000000000E+00 0.000000000E+00 0.000000000E+00 0.000000000E+00
 0.000000000E+00 0.000000000E+00 0.000000000E+00 0.000000000E+00 0.000000000E+00
 0.000000000E+00 0.000000000E+00 0.000000000E+00 0.000000000E+00 0.000000000E+00
 0.000000000E+00 0.000000000E+00 0.000000000E+00 0.000000000E+00 0.000000000E+00
 0.000000000E+00 0.000000000E+00 0.000000000E+00 0.000000000E+00 0.261212132E-06
 0.669060005E-06 0.876521888E-06 0.574033258E-06 0.196491652E-06 0.000000000E+00
 0.000000000E+00 0.000000000E+00 0.000000000E+00 0.000000000E+00 0.000000000E+00
 0.000000000E+00 0.000000000E+00 0.000000000E+00 0.000000000E+00 0.000000000E+00
 0.000000000E+00 0.000000000E+00 0.000000000E+00 0.000000000E+00 0.000000000E+00
 0.000000000E+00 0.000000000E+00 0.000000000E+00 0.000000000E+00 0.000000000E+00
 0.000000000E+00 0.000000000E+00 0.000000000E+00 0.000000000E+00 0.000000000E+00
 0.000000000E+00 0.000000000E+00 0.000000000E+00 0.000000000E+00 0.000000000E+00
 0.000000000E+00 0.000000000E+00 0.000000000E+00 0.000000000E+00 0.000000000E+00
 0.000000000E+00 0.000000000E+00 0.000000000E+00 0.000000000E+00 0.000000000E+00
 0.000000000E+00 0.000000000E+00 0.000000000E+00 0.000000000E+00 0.948702824E-01
 0.346666631E+00 0.687849223E+00 0.918548140E+00 0.999948787E+00 0.999948787E+00
 0.999948787E+00 0.999948787E+00 0.999948787E+00 0.999948787E+00 0.999948787E+00
 0.999948787E+00 0.999948787E+00 0.999948787E+00 0.999948787E+00 0.999948787E+00
 0.999948787E+00 0.999948787E+00 0.999948787E+00 0.999948787E+00 0.999948787E+00
 0.999948787E+00 0.999948787E+00 0.999948787E+00 0.999948787E+00 0.999948787E+00
 0.000000000E+00 0.000000000E+00 0.000000000E+00 0.000000000E+00 0.000000000E+00
 0.000000000E+00 0.000000000E+00 0.000000000E+00 0.000000000E+00 0.000000000E+00
 0.000000000E+00 0.000000000E+00 0.000000000E+00 0.000000000E+00 0.000000000E+00
 0.000000000E+00 0.000000000E+00 0.000000000E+00 0.000000000E+00 0.000000000E+00
 0.000000000E+00 0.000000000E+00 0.000000000E+00 0.000000000E+00-0.689357402E-02
-0.101658183E-01-0.149341407E-01-0.806302852E-02-0.816117770E-03 0.000000000E+00
 0.000000000E+00 0.000000000E+00 0.000000000E+00 0.000000000E+00 0.000000000E+00
 0.000000000E+00 0.000000000E+00 0.000000000E+00 0.000000000E+00 0.000000000E+00
 0.000000000E+00 0.000000000E+00 0.000000000E+00 0.000000000E+00 0.000000000E+00
 0.000000000E+00 0.000000000E+00 0.000000000E+00 0.000000000E+00 0.000000000E+00
 0.000000000E+00 0.000000000E+00 0.000000000E+00 0.000000000E+00 0.000000000E+00
 0.000000000E+00 0.000000000E+00 0.000000000E+00 0.000000000E+00 0.000000000E+00
 0.000000000E+00 0.000000000E+00 0.000000000E+00 0.000000000E+00 0.000000000E+00
 0.000000000E+00 0.000000000E+00 0.000000000E+00 0.000000000E+00 0.000000000E+00
 0.000000000E+00 0.000000000E+00 0.000000000E+00 0.000000000E+00-0.146760829E-03
-0.371022763E-03-0.711770671E-03-0.901719037E-03-0.921537293E-03-0.921537293E-03
-0.921537293E-03-0.921537293E-03-0.921537293E-03-0.921537293E-03-0.921537293E-03
-0.921537293E-03-0.921537293E-03-0.921537293E-03-0.921537293E-03-0.921537293E-03
-0.921537293E-03-0.921537293E-03-0.921537293E-03-0.921537293E-03-0.921537293E-03
-0.921537293E-03-0.921537293E-03-0.921537293E-03-0.921537293E-03-0.921537293E-03
 0.534158329E-01 0.560258888E-01 0.637618409E-01 0.757437566E-01 0.886463333E-01
 0.991334475E-01 0.108575519E+00 0.116906784E+00 0.125037674E+00 0.132581402E+00
 0.139825910E+00 0.146583030E+00 0.153131184E+00 0.159477187E+00 0.165526921E+00
 0.171166285E+00 0.176905387E+00 0.182343332E+00 0.187548753E+00 0.192680467E+00
 0.197504826E+00 0.202157453E+00 0.206669632E+00 0.211001083E+00 0.215145056E+00
 0.219199651E+00 0.223118323E+00 0.226840873E+00 0.230383919E+00 0.233892259E+00
 0.237242109E+00 0.240426924E+00 0.243463091E+00 0.246429112E+00 0.249224000E+00
 0.251863743E+00 0.254321770E+00 0.256593058E+00 0.258676202E+00 0.260607588E+00
 0.262314472E+00 0.263903332E+00 0.265317430E+00 0.266529200E+00 0.267411972E+00
 0.267933141E+00 0.268002713E+00 0.267049089E+00 0.265016962E+00 0.259620716E+00
 0.231978351E+00
 0.980697549E+00 0.980864670E+00 0.981365700E+00 0.982195763E+00 0.983334123E+00
 0.984745235E+00 0.986398987E+00 0.988277313E+00 0.990317189E+00 0.992538262E+00
 0.994805114E+00 0.997157663E+00 0.999548924E+00 0.100198777E+01 0.100445207E+01
 0.100696697E+01 0.100954634E+01 0.101221520E+01 0.101501204E+01 0.101797791E+01
 0.102115046E+01 0.102456658E+01 0.102825104E+01 0.103219108E+01 0.103638683E+01
 0.104083762E+01 0.104552273E+01 0.105045780E+01 0.105562939E+01 0.106105321E+01
 0.106674689E+01 0.107271402E+01 0.107902292E+01 0.108565970E+01 0.109275157E+01
 0.110027683E+01 0.110840182E+01 0.111714765E+01 0.112655830E+01 0.113673239E+01
 0.114754210E+01 0.115891581E+01 0.117082252E+01 0.118346854E+01 0.119745832E+01
 0.121314255E+01 0.123079688E+01 0.125363316E+01 0.128132016E+01 0.132821244E+01
 0.150430333E+01
 0.990301713E+00 0.990373787E+00 0.990589812E+00 0.990947208E+00 0.991435217E+00
 0.992035779E+00 0.992733437E+00 0.993516514E+00 0.994357110E+00 0.995260846E+00
 0.996163300E+00 0.997083110E+00 0.997996490E+00 0.998908036E+00 0.999806804E+00
 0.100070580E+01 0.100161233E+01 0.100253937E+01 0.100350631E+01 0.100453430E+01
 0.100564253E+01 0.100684949E+01 0.100816728E+01 0.100959029E+01 0.101111803E+01
 0.101274945E+01 0.101447536E+01 0.101630182E+01 0.101822343E+01 0.102024715E+01
 0.102238129E+01 0.102462897E+01 0.102702085E+01 0.102955364E+01 0.103228479E+01
 0.103520801E+01 0.103839956E+01 0.104187142E+01 0.104564328E+01 0.104975707E+01
 0.105415458E+01 0.105880331E+01 0.106369322E+01 0.106892775E+01 0.107479519E+01
 0.108144510E+01 0.108898423E+01 0.109885726E+01 0.111067048E+01 0.113099452E+01
 0.121173137E+01
 0.100000000E+01 0.100005537E+01 0.100022141E+01 0.100049703E+01 0.100087734E+01
 0.100135420E+01 0.100192096E+01 0.100257276E+01 0.100330227E+01 0.100411696E+01
 0.100496563E+01 0.100587590E+01 0.100684009E+01 0.100786147E+01 0.100893858E+01
 0.101007845E+01 0.101128677E+01 0.101257166E+01 0.101394698E+01 0.101542296E+01
 0.101701138E+01 0.101872518E+01 0.102057454E+01 0.102255457E+01 0.102466866E+01
 0.102691993E+01 0.102929949E+01 0.103181743E+01 0.103446597E+01 0.103725189E+01
 0.104018108E+01 0.104325069E+01 0.104648893E+01 0.104988283E+01 0.105348564E+01
 0.105728120E+01 0.106133950E+01 0.106566451E+01 0.107027425E+01 0.107522421E+01
 0.108047960E+01 0.108604035E+01 0.109193167E+01 0.109825954E+01 0.110527027E+01
 0.111307508E+01 0.112176460E+01 0.113260252E+01 0.114471140E+01 0.116554853E+01
 0.125554028E+01
 0.000000000E+00 0.000000000E+00 0.000000000E+00 0.000000000E+00 0.000000000E+00
 0.000000000E+00 0.000000000E+00 0.000000000E+00 0.000000000E+00 0.000000000E+00
 0.000000000E+00 0.000000000E+00 0.000000000E+00 0.000000000E+00 0.000000000E+00
 0.000000000E+00 0.000000000E+00 0.000000000E+00 0.000000000E+00 0.000000000E+00
 0.000000000E+00 0.000000000E+00 0.000000000E+00 0.000000000E+00-0.457069336E-06
-0.677686816E-06-0.999302666E-06-0.538695883E-06-0.549028296E-07 0.000000000E+00
 0.000000000E+00 0.000000000E+00 0.000000000E+00 0.000000000E+00 0.000000000E+00
 0.000000000E+00 0.000000000E+00 0.000000000E+00 0.000000000E+00 0.000000000E+00
 0.000000000E+00 0.000000000E+00 0.000000000E+00 0.000000000E+00 0.000000000E+00
 0.000000000E+00 0.000000000E+00 0.000000000E+00 0.000000000E+00 0.000000000E+00
 0.000000000E+00
 0.000000000E+00 0.000000000E+00 0.000000000E+00 0.000000000E+00 0.000000000E+00
 0.000000000E+00 0.000000000E+00 0.000000000E+00 0.000000000E+00 0.000000000E+00
 0.000000000E+00 0.000000000E+00 0.000000000E+00 0.000000000E+00 0.000000000E+00
 0.000000000E+00 0.000000000E+00 0.000000000E+00 0.000000000E+00 0.000000000E+00
 0.000000000E+00 0.000000000E+00 0.000000000E+00 0.000000000E+00-0.444894114E-06
-0.658169455E-06-0.967826770E-06-0.520043149E-06-0.528523521E-07 0.000000000E+00
 0.000000000E+00 0.000000000E+00 0.000000000E+00 0.000000000E+00 0.000000000E+00
 0.000000000E+00 0.000000000E+00 0.000000000E+00 0.000000000E+00 0.000000000E+00
 0.000000000E+00 0.000000000E+00 0.000000000E+00 0.000000000E+00 0.000000000E+00
 0.000000000E+00 0.000000000E+00 0.000000000E+00 0.000000000E+00 0.000000000E+00
 0.000000000E+00
