dee    diii-d

-------------------------------------------------------
 &NAMELIS1
 RMAJOR = 0.0
 RMINOR = 60.0
 BTOR = 0.0
 TOTCUR = 1298873.1
 RIN = 84.0
 ROUT = 243.0
 ZAX = 0.0
 NJ = 51
 NPRIM = 1
 NIMP = 1
 NAMEP = 'd'
 NAMEI = 'c'
 CER_ION = 'c'
 ITENP = 0
 ITTE = 0
 ITTI = 0
 ITXJ = 1
 IANGROT = 1
 ITANGROT = 0
 TAUPIN = 0.25
 WNEO = 1.0 2*0.0 1.0 2*0.0 1.0 0.0 1.0 3*0.0 2*1.0 4*0.0 1.0 5*0.0 1.0
 WNEOT = 1.0
 JHIRSH = 112
 RESISTIVE = 'hirshman'
 FTCALC = 'exact'
 INENEZ = 1
 ADJZEFF = 0
 NBCTIM = 1
 BCTIME = 3.745
 SPLNINPT = 'new'
 TIME0 = 3.745
 TIMMAX = 3.755
 DTMAX = 0.005
 NMAX = 1000
 IFFAR = 0
 JPRT = 1
 JFLUX = 1
 JCOEF = 0
 JSOURC = 0
 JBAL = 0
 JTFUS = 0
 JSXR = 0
 NNEU = 1
 NAMEN = 'd'
 RUN_PREPLT = .True.
 MOMTM_FILE = 0
 DO_EQPLOT = 0
 STEADY_STATE = 1.0
 RENEIN = 0.0 0.02 0.04 0.06 0.08 0.1 0.12 0.14 0.16 0.18 0.2 0.22 0.24 0.26 
 0.28 0.3 0.32 0.34 0.36 0.38 0.4 0.42 0.44 0.46 0.48 0.5 0.52 0.54 0.56 0.58 
 0.6 0.62 0.64 0.66 0.68 0.7000000000000001 0.72 0.74 0.76 0.78 0.8 
 0.8200000000000001 0.84 0.86 0.88 0.9 0.92 0.9400000000000001 0.96 0.98 1.0
 NJENE = 51
 ENEIN = 62025909423828.12 61999087332199.63 61920142168554.41 
 61791353214661.484 61615004520664.06 61393380182865.914 61128740271043.67 
 60823383339584.72 60479588442227.086 60099611424392.734 59685773918389.055 
 59240312548415.67 58765544758492.266 58263735522878.55 57737131142160.95 
 57188072545469.48 56618790418039.42 56031618219918.85 55428767643416.95 
 54812569469265.65 54185285761509.305 53549212988956.74 52906589431033.734 
 52259722037541.97 51610898623497.555 50962395667159.516 50316480977543.82 
 49675451007505.96 49041543073563.57 48417124234264.95 47804375421364.73 
 47205639024964.65 46623200963360.516 46059299255674.24 45516219325412.14 
 44996251761189.97 44501686788648.625 44034800753271.02 43597850602613.83 
 43193177634514.54 42822971564703.12 42489585767605.04 42195267331667.89 
 41942300966200.766 41732974010660.62 41548280223135.12 40906849618449.57 
 38879465620623.96 34518520792701.49 26876429244283.29 15360214874644.953
 RTEIN = 0.0 0.02 0.04 0.06 0.08 0.1 0.12 0.14 0.16 0.18 0.2 0.22 0.24 0.26 
 0.28 0.3 0.32 0.34 0.36 0.38 0.4 0.42 0.44 0.46 0.48 0.5 0.52 0.54 0.56 0.58 
 0.6 0.62 0.64 0.66 0.68 0.7000000000000001 0.72 0.74 0.76 0.78 0.8 
 0.8200000000000001 0.84 0.86 0.88 0.9 0.92 0.9400000000000001 0.96 0.98 1.0
 NJTE = 51
 TEIN = 3.746422529220581 3.743237495246472 3.733849524831143 
 3.7185137258711802 3.697481391565732 3.671005966866629 3.6393401575298503 
 3.602738143728957 3.561451665525259 3.51573349655825 3.465838440548299 
 3.412017580472993 3.354524834728318 3.2936129268085255 3.2295343913766636 
 3.162543814551138 3.0928923828044446 3.020833504135267 2.9466209951884013 
 2.8705060297538525 2.7927453745779927 2.7135874700241445 2.6332871817353314 
 2.552099737300072 2.470274642746803 2.3880653392184286 2.3057259728647477 
 2.223510829706797 2.14167071444758 2.06045906971945 1.9801295756293258 
 1.9009344760504132 1.823126261276576 1.7469601443711553 1.6726876755214701 
 1.600561100029796 1.5308342979144807 1.4637593354055707 1.3995909396028037 
 1.3385808823340608 1.280982290556497 1.2270483788154931 1.1770320515488715 
 1.131186159577029 1.0897638707288508 1.0530180533530427 1.0157397142977265 
 0.9175867812447013 0.705410061065964 0.4099689117240908 0.0728955643307927
 RTIIN = 0.0 0.02 0.04 0.06 0.08 0.1 0.12 0.14 0.16 0.18 0.2 0.22 0.24 0.26 
 0.28 0.3 0.32 0.34 0.36 0.38 0.4 0.42 0.44 0.46 0.48 0.5 0.52 0.54 0.56 0.58 
 0.6 0.62 0.64 0.66 0.68 0.7000000000000001 0.72 0.74 0.76 0.78 0.8 
 0.8200000000000001 0.84 0.86 0.88 0.9 0.92 0.9400000000000001 0.96 0.98 1.0
 NJTI = 51
 TIIN = 3.7650020122528076 3.760010242187967 3.7454116334862775 
 3.721770761380846 3.6896514858491702 3.6496183899535857 3.6022367406953664 
 3.54806995492165 3.4876830462157558 3.421640421216353 3.3505058393076523 
 3.2748451185999015 3.1952214020435137 3.112199742690418 3.0263447796364793 
 2.93822055456956 2.848391500441673 2.757422702492236 2.6658776439373626 
 2.574321486660872 2.4833185929345407 2.393433035872084 2.3052291766895694 
 2.219272648498659 2.136126713385041 2.0563559526710833 1.980525305248807 
 1.909198956304626 1.8429410534623187 1.782316518744337 1.7278898381149903 
 1.6802245492248278 1.6394688823894843 1.604509994175002 1.5739994152749648 
 1.5465880477843117 1.5209266306720193 1.4956661585129722 1.4694580899416554 
 1.4409527334144003 1.40880121816203 1.3716549724094453 1.3281643939015864 
 1.276980914206357 1.216755373990436 1.1461386927923227 1.0637818074304595 
 0.9683356754730014 0.8590303587648216 0.7392652011792462 0.6142660358683543
 RANGROT = 0.0 0.02 0.04 0.06 0.08 0.1 0.12 0.14 0.16 0.18 0.2 0.22 0.24 0.26 
 0.28 0.3 0.32 0.34 0.36 0.38 0.4 0.42 0.44 0.46 0.48 0.5 0.52 0.54 0.56 0.58 
 0.6 0.62 0.64 0.66 0.68 0.7000000000000001 0.72 0.74 0.76 0.78 0.8 
 0.8200000000000001 0.84 0.86 0.88 0.9 0.92 0.9400000000000001 0.96 0.98 1.0
 ANGROTIN = 24581.98828125 24514.779293203028 24319.796862278017 
 24007.001926642643 23586.35347133959 23067.80472578291 22461.324129405177 
 21776.873074651045 21024.406107439263 20213.88507365209 19355.265755734687 
 18458.519476465677 17533.597404166485 16590.456577985547 15639.068401431254 
 14689.385346642928 13751.370763643383 12834.97965897018 11950.174465593645 
 11106.917776615173 10315.16819379758 9584.889203931312 8926.033131710883 
 8348.56468820577 7862.4436269737525 7477.631342698354 7204.083320743237 
 7051.763801845247 7030.633299189705 7150.650096023751 7421.774527791305 
 7853.967668993287 8455.559106112496 9200.58978954144 10030.45964761563 
 10885.276865534022 11705.141409089778 12430.166642998978 13000.448440932856 
 13356.10178744121 13437.23046581441 13183.93535320326 12536.324885778298 
 11434.504778078199 9818.58349825397 7628.661870658395 4804.843256453195 
 1287.246218278806 -2984.0374548144923 -8041.047678560014 -13594.19337696582
 ZEFFIN = 1.8765475406787449 1.8759695799249794 1.874302688756055 
 1.8716467500472325 1.8681014650583965 1.8637551095931462 1.8586954869438017 
 1.8530202606224222 1.8468186462869491 1.8401691038074208 1.8331887313921076 
 1.8259445692268494 1.8185594819711524 1.8111211622310854 1.8037376515248944 
 1.79652083467222 1.7896000766635014 1.78306944330817 1.7770923854853078 
 1.7717849156525225 1.7673108542733997 1.763805504978351 1.7614510481876593 
 1.7604115020295423 1.76087416558335 1.763033645947701 1.7670815549982413 
 1.773239510119288 1.7817259309406466 1.7925347708252917 1.8052862877454372 
 1.819539701697423 1.8348188838189126 1.8506237537877566 1.8664238995787983 
 1.8816754105737896 1.8957683984657183 1.908085709915581 1.9180136558859373 
 1.9249055010104628 1.9280642720842547 1.9267946247546672 1.92047124007152 
 1.9083829480413073 1.8899320433562663 1.8649254070959818 1.8425246256575114 
 1.8412170585999708 1.8875601000354516 2.0505916868812726 2.658845363594224
 RZEFFIN = 0.0 0.02 0.04 0.06 0.08 0.1 0.12 0.14 0.16 0.18 0.2 0.22 0.24 0.26 
 0.28 0.3 0.32 0.34 0.36 0.38 0.4 0.42 0.44 0.46 0.48 0.5 0.52 0.54 0.56 0.58 
 0.6 0.62 0.64 0.66 0.68 0.7000000000000001 0.72 0.74 0.76 0.78 0.8 
 0.8200000000000001 0.84 0.86 0.88 0.9 0.92 0.9400000000000001 0.96 0.98 1.0
 NJZEF = 51
 /
 &NAMELIS2
 IYOKA = 1
 ISHOT = 153523
 ITIME = 3745
 BEAMON = 1.6003 1.8047 3.386 1.9485 0.5004 3*99.0
 BTIME = 3.0797 2.6449 1.3273 2.5198 4.213 3*1.0
 TIMBPLT = 0.0
 NBEAMTCX = 1
 ITERATE_BEAM = .False.
 NAMEB = 'd'
 FDBEAM = 1.0
 NPART = 50000
 NPSKIP = 5
 MF = 21
 FE_TK = 1.5
 IEXCIT = 5
 IZSTRP = 2*1
 NBEAMS = 5
 NSOURC = 2
 SFRAC1 = 2*1.0 0.0 1.0 3*0.0 1.0
 EBKEV = 81.3582 75.4394 69.7379 80.1041 70.3167 3*80.0
 BPTOR = 303021.0 693235.0 510995.0 602828.0 462919.0 3*0.0
 ANGLEH = 2*19.5 2*-19.5 4*19.5
 FBCUR = 0.791322 0.156159 0.0525193 0.781791 0.154229 0.0639797 0.767485 
 0.152638 0.0798775 0.789755 0.155727 0.0545185 0.769166 0.152787 0.0780461 
 0.789614 0.155691 0.0546949 0.789614 0.155691 0.0546949 0.789614 0.155691 
 0.0546949
 ANGRCPLE = 1.0
 IRFPLT = 0
 IMAXBEAMCONVG = 20
 HDEPSMTH = 25
 ICALC_CXFACTOR = 0
 TORAY_VERSION = 1.95
 TORAY_PATH = '/fusion/projects/codes/toray/toray/xtoray'
 RFON = 2*1.2009 1.20035 1.2009 1.2003 1.2012
 RFTIME = 3.4591 3.46045 3.33755 3.46045 3.3364 2.6944
 IRFCUR = 6*1
 FREQ = 6*110000000000.0
 WRFO = 6*0.0
 GAFSEP = 1e-06
 HLWEC = 6*1.7
 RATWEC = 6*1.0
 RFMODE = 6*'ech'
 RFPOW = 613133.0 601925.0 356181.0 529107.0 558018.0 670780.0
 THETEC = 120.932 119.01 122.105 116.894 123.405 116.023
 PHAIEC = 181.981 182.265 182.039 182.022 182.009 182.501
 XEC = 6*239.99
 ZEC = 6*67.94
 NRAY = 6*30
 IDAMP = 6*8
 QRADR = 0.0 0.02 0.04 0.06 0.08 0.1 0.12 0.14 0.16 0.18 0.2 0.22 0.24 0.26 
 0.28 0.3 0.32 0.34 0.36 0.38 0.4 0.42 0.44 0.46 0.48 0.5 0.52 0.54 0.56 0.58 
 0.6 0.62 0.64 0.66 0.68 0.7000000000000001 0.72 0.74 0.76 0.78 0.8 
 0.8200000000000001 0.84 0.86 0.88 0.9 0.92 0.9400000000000001 0.96 0.98 1.0
 NQRAD = 51
 QRADIN = 0.05287468433380127 0.05190810186490613 0.05087393142708398 
 0.04929622250606782 0.04731691234773095 0.044825554059150716 
 0.04189159307168903 0.03867692510140358 0.03511873192781671 
 0.03129099075989498 0.027251460213393662 0.023032366971718652 
 0.018679690291095553 0.014235180525299708 0.009739971974362079 
 0.0052347311776391545 0.0007603749871836723 -0.0036410072662921653 
 -0.007931045984599032 -0.012064868604543975 -0.01600100362730537 
 -0.019695291717845204 -0.023102706675346776 -0.026177177793070716 
 -0.028870416217118826 -0.031132221240971703 -0.0329102551697828 
 -0.03415002555317607 -0.034793995253506745 -0.034781109087415725 
 -0.03404818957908189 -0.03252726834852776 -0.030147060415842118 
 -0.026831028019746406 -0.022498855104933026 -0.01705930564834686 
 -0.01043606136608262 -0.0025162349584724134 0.006798963379848151 
 0.01762205778761542 0.030070898655335326 0.044272435821081806 
 0.060364548844031675 0.07849384229345274 0.09881271948071003 
 0.12149295885831751 0.14611929020351402 0.16991871846696205 
 0.18952749718200362 0.20154974443604146 0.20255255698920038
 ANGLEV = 0.0 8.9407e-08 4*0.0 -0.00119126 0.0
 RPIVOT = 8*286.56
 ZPIVOT = 0.0 0.124999 4*0.0 0.137138 0.0
! inone lines for ECH
 BLENP(3) = 0.0
 BLENP(4) = 0.0
! Shot=153523;  time=3745.00 msec
! Gyrotrons: LEIA LUKE LION SCARECROW TINMAN CHEWBACCA
! End of ECH lines
 /
 &NAMELIS3
 IFIXSHAP = 1
 XDIM = 170.0
 YDIM = 320.0
 REDGE = 84.0
 EQDSKIN = 'g153523.03745'
 IRGUESS = -99
 ITORFLUSE = 1
 ITERDB = 1
 NLIMITER = -1
 create_gcnmp_input = .True.
 write_ITERDB_txt = .False.
 ieqdsk = -1
 /
