25-May-01  04/26/2000
 106217               1
   2070
*2070.000             1               0 SNB   3   1 CLC     0    0
  0.814630222E+01 0.169550003E+03-0.189718854E+01 0.831419812E+06
  0.839061938E+06 0.166484726E+03-0.155843897E+02 0.566684647E+02
  0.170791531E+01 0.143108279E+00 0.426036805E+00 0.153888470E+08
  0.171821564E+03-0.209921646E+01 0.698742008E+01 0.147224629E+01
  0.112603951E+01 0.112452757E+01 0.821626187E+01 0.122472172E+02
  0.480857506E+02 0.242308178E+02 0.510069180E+01-0.521911144E+00
  0.185782135E+03 0.124676502E+03 0.852465271E+02
  0.376128154E+14 0.469565587E+14 0.441320305E+14
  0.113221180E+03
  0.130056391E+15
  0.411893558E+01 0.220926255E+00 0.221822238E+01 0.226855779E+01
  0.762921810E+00 0.761606026E+01-0.500000000E+02-0.500000000E+02
 -0.500000000E+02-0.129070487E-01 0.150738643E+05 0.504784156E+06
  0.597571896E-03 0.123904562E+01 0.959615231E+00-0.284663432E-03
  0.133258629E+01 0.165672531E+03 0.000000000E+00 0.000000000E+00
  0.142341858E+03-0.112369331E+03-0.999000000E+03-0.999000000E+03
  0.821381092E+01-0.500000000E+02-0.186594725E+01-0.184547615E+01
  0.113444042E+02 0.379263763E+02 0.462215767E+02 0.821626187E+01
  0.174300995E+03 0.932262834E+00 0.211140573E+00 0.209904588E+03
  0.117393720E+01 0.153487039E+01 0.526255937E+06 0.722561764E-06
  0.224707811E+00 0.218833189E+03 0.119602644E+01 0.100000010E+02
    41   73   18    6
 -0.736574530E-01-0.688580275E-01-0.782348290E-01-0.776155442E-01
 -0.881505757E-01-0.225062609E+00-0.257636935E+00-0.119225502E+00
 -0.237974785E-01-0.740509256E-01-0.794156194E-01-0.861979201E-01
 -0.520751737E-01-0.908449105E-02-0.272566259E+00-0.299977064E+00
  0.541665889E-01 0.493010784E-02-0.644081310E-01-0.633810237E-01
 -0.695452914E-01-0.762356743E-01-0.819491223E-01-0.962127894E-01
 -0.429976657E-01-0.222709805E+00-0.213165954E+00-0.248962969E+00
 -0.203715593E+00-0.683787018E-01-0.782240927E-01-0.660793260E-01
 -0.331440903E-01 0.830853545E-02-0.543012135E-01-0.247827738E+00
 -0.237149984E+00-0.305828422E+00-0.249526501E+00 0.216897205E-01
  0.558627391E-02 0.288447022E+00 0.280167073E+00 0.176338479E+00
  0.101858042E+00 0.191294122E-01 0.296396855E-01 0.995135456E-01
 -0.252968781E-01 0.175237805E-01 0.144439220E+00 0.222716719E+00
  0.194919199E+00 0.241969660E+00 0.238648698E+00 0.218994245E+00
  0.277403206E+00 0.221392706E+00 0.200140312E+00 0.117656171E+00
 -0.395015860E-02-0.157072976E+00-0.917528644E-01-0.955653414E-01
  0.100048564E+00 0.218849540E+00 0.263212591E+00 0.226276025E+00
  0.286117166E+00 0.260423332E+00 0.997766405E-01 0.529450625E-01
 -0.564401783E-01 0.156137636E-01 0.826779232E-01 0.156255618E+00
  0.222237930E+00 0.195485875E+00 0.243171439E+00 0.238465339E+00
  0.218394563E+00 0.262084395E+00 0.285422862E+00 0.227434799E+00
  0.263358653E+00 0.214853585E+00 0.100106478E+00-0.934491679E-01
 -0.889727101E-01-0.154250175E+00-0.341991358E-02 0.117379807E+00
  0.199954584E+00 0.222838551E+00 0.277656317E+00 0.288683265E+00
  0.280014843E+00 0.176239163E+00 0.105930299E+00 0.153974872E-01
  0.312778168E-01 0.762445293E-02 0.269035120E-01 0.428041779E-01
  0.367620475E-01 0.292159393E-01 0.309876306E-02-0.689731464E-01
 -0.129003555E+00 0.460841954E-01 0.475720316E-01 0.705486386E-01
 -0.561519452E-01 0.124390479E-01
 -0.782461016E+05-0.249638418E+05-0.351020586E+05 0.147153369E+05
  0.135907188E+05-0.128313969E+06-0.180308687E+06-0.109248102E+06
  0.130826672E+06-0.684219296E+05-0.568526133E+05-0.946086016E+05
  0.151484225E+04 0.343782736E+05-0.179123000E+06-0.225372422E+06
  0.175942172E+06 0.785399141E+05
 -0.103583535E+05-0.971863477E+04-0.102240537E+05-0.966246388E+04
 -0.102406006E+05-0.976929785E+04
  0.221628331E+01 0.111680588E+03-0.132980591E+03 0.162054138E+03
 -0.136600006E+03 0.787560719E-01 0.000000000E+00-0.205101201E-01
  0.000000000E+00 0.000000000E+00 0.643802109E+02 0.000000000E+00
  0.502371192E+00 0.742524146E+00-0.399999962E+02-0.192343772E+00
 -0.637589038E+00 0.000000000E+00 0.999000000E+03 0.326325583E+01
  0.137428875E+02 0.959615231E+00 0.358184386E+01 0.105910303E+00
  0.353387213E+01 0.616456699E+01 0.382958531E+01 0.000000000E+00
  0.731379630E+00 0.638289155E+00 0.109892356E+01 0.222832608E+01
  0.483382683E+02 0.319959259E+01-0.890000000E+02 0.242575607E+02
 -0.890000000E+02-0.890000000E+02-0.890000000E+02-0.890000000E+02
  0.202466941E+01-0.890000000E+02-0.890000000E+02 0.111680588E+03
 -0.132980591E+03-0.890000000E+02-0.890000000E+02 0.162054138E+03
 -0.136600006E+03 0.956039875E+06 0.000000000E+00 0.000000000E+00
  0.000000000E+00 0.000000000E+00 0.000000000E+00 0.912680209E+00
  0.000000000E+00-0.307660460E+01 0.000000000E+00 0.000000000E+00
