 25-Sep-21 05/19/2021
 136526               1
  0.435500000E+04
*4355.000             1               0 SNB   3   2 CLC    40   41
  0.507002485E+02 0.169550000E+03-0.209989322E+01 0.119047525E+07
  0.118699834E+07 0.165818283E+03-0.902607820E+01 0.579687510E+02
  0.182134396E+01 0.380423211E+00 0.726438371E+00 0.178034796E+08
  0.168965886E+03-0.118733151E+01 0.706197835E+01 0.195298503E+01
  0.111216318E+01 0.789242769E+00 0.624953236E+01 0.116129977E+02
  0.287385986E+02 0.145415684E+02 0.520557322E+01-0.464594965E+00
  0.200165414E+03 0.136064223E+03 0.932569529E+02
  0.458142774E+14 0.525049713E+14 0.586146465E+14
  0.115847481E+03 0.114368783E+03
  0.594292761E+14 0.000000000E+00
  0.325393416E+01 0.284529821E+00 0.212104272E+01 0.195077891E+01
  0.761790402E+00 0.948264205E+01-0.500000000E+02-0.500000000E+02
 -0.500000000E+02-0.988837871E-02 0.177529469E+05 0.956710161E+06
  0.913209075E-03 0.135998922E+01 0.133606726E+01 0.119665933E-03
  0.143398207E+01 0.161801913E+03 0.000000000E+00 0.000000000E+00
  0.123707558E+03-0.114607113E+03 0.120419795E+03 0.115903742E+03
  0.842705250E+01-0.500000000E+02-0.206221250E+01-0.205009400E+01
  0.100000000E+03 0.321500672E+02 0.417055746E+02 0.624953236E+01
  0.173668571E+03 0.117552974E+01 0.235129328E+00 0.000000000E+00
  0.110002956E+01 0.193167810E+01 0.946272520E+06-0.163171180E-06
 -0.227194279E+00 0.000000000E+00 0.133468248E+01 0.100000000E+02
    44   76   18    6
 -0.834707952E-01-0.851425139E-01-0.653716548E-01-0.405276317E-01
 -0.122088630E-02-0.275203283E+00-0.319339132E+00 0.853449708E-02
 -0.177595057E+00-0.818478593E-01-0.925008183E-01-0.613660922E-01
 -0.221971452E-01 0.362559278E-01-0.319538988E+00-0.336486117E+00
  0.444407866E-01-0.161959497E+00-0.696178516E-01-0.740945576E-01
 -0.687621086E-01-0.501225420E-01-0.262365232E-01-0.190084041E-02
 -0.157140325E+00-0.291149129E+00-0.267950095E+00-0.306102406E+00
 -0.247328853E+00-0.767489008E-01-0.705332508E-01-0.386904597E-01
 -0.161436631E-02 0.316141891E-01-0.168532808E+00-0.299378444E+00
 -0.274701318E+00-0.356979787E+00-0.287782469E+00-0.171214441E-01
 -0.981870009E-01-0.254065822E-01-0.765777966E-01-0.124594440E+00
  0.381288919E+00 0.382499217E+00 0.318726068E+00 0.155992007E+00
  0.617219947E-01-0.581006450E-01-0.883056187E-01 0.864658123E-01
  0.165571754E+00 0.219538407E+00 0.291346113E+00 0.259512753E+00
  0.315415732E+00 0.305317507E+00 0.275855496E+00 0.372897581E+00
  0.355390420E+00 0.183650286E+00 0.771473771E-01-0.106949063E+00
 -0.123862981E+00 0.270916620E-01 0.155413291E+00 0.148520317E+00
  0.261067306E+00 0.301579168E+00 0.275600541E+00 0.352553364E+00
  0.323545803E+00-0.101797410E+00-0.723822306E-02 0.118615450E+00
  0.167490998E+00 0.170570905E+00 0.231581501E+00 0.280456695E+00
  0.258370153E+00 0.273062469E+00 0.305009116E+00 0.273122994E+00
  0.325497347E+00 0.292935912E+00 0.275347492E+00 0.295821608E+00
  0.257268156E+00 0.148907917E+00 0.153004543E+00 0.378494430E-01
 -0.120281800E+00-0.101844359E+00 0.764470324E-01 0.186015458E+00
  0.355826352E+00 0.373272936E+00 0.381260962E+00 0.382508918E+00
  0.320453006E+00 0.163368090E+00 0.599510706E-01-0.657987802E-01
  0.139212770E+00 0.156972425E+00 0.142710289E+00 0.124594509E+00
 -0.492360604E-01-0.191455309E-01-0.141877903E+00-0.172084325E+00
 -0.657552071E-01-0.525613337E-01 0.114285345E+00 0.363087136E-01
  0.208322627E-01 0.747729191E-01 0.107773813E+00 0.117624364E+00
 -0.986200385E+05-0.100665644E+06-0.236734044E+05 0.367701721E+05
  0.119890806E+06-0.167876635E+06-0.214067985E+06 0.156043549E+06
 -0.132906380E+06-0.822580183E+05-0.135136701E+06-0.279382162E+05
  0.473654572E+05 0.170955779E+06-0.218607401E+06-0.221033925E+06
  0.181853774E+06-0.132806797E+06
 -0.118777314E+05-0.118948594E+05-0.117772617E+05-0.115926611E+05
 -0.119673906E+05-0.118606846E+05
  0.000000000E+00 0.102099654E+03-0.122810594E+03 0.132259100E+03
 -0.136300002E+03 0.000000000E+00 0.000000000E+00 0.000000000E+00
  0.000000000E+00 0.000000000E+00 0.698112895E+02 0.330645991E+01
  0.725587789E+00 0.189327173E+01-0.245650817E+01-0.320181653E+00
 -0.526708859E+00 0.000000000E+00 0.999000000E+03 0.221634920E+01
  0.139608203E+02 0.123898465E+01 0.262780970E+02-0.439253343E+00
  0.395081290E+01 0.643355739E+01 0.376890989E+01 0.232263218E+00
  0.481100071E+00 0.659455867E+00 0.107885691E+01 0.223617068E+01
  0.518440615E+02 0.275662397E+01 0.322554271E+01 0.170310918E+02
  0.946809368E+01 0.418007498E+01 0.599506105E+01 0.589762951E+01
  0.194762136E+01 0.116069961E+03 0.117520611E+03 0.102099654E+03
 -0.122810594E+03 0.123838772E+03 0.123714281E+03 0.132259100E+03
 -0.136300002E+03 0.426620786E+06 0.281251854E+00 0.424132007E+00
  0.147192764E+03 0.169000000E+03 0.000000000E+00 0.616664165E+00
  0.000000000E+00-0.409296353E+01 0.000000000E+00 0.100000000E+11
                                            KIM
