  4-Sep-12 03/13/2012
 150139               1
  0.202600000E+04
*2026.000             1               0 SNT   3   2 CLC    39   40
  0.854787523E+01 0.169550002E+03-0.190948589E+01 0.749673000E+06
  0.751395369E+06 0.165850068E+03 0.936155834E+01 0.593889630E+02
  0.174184471E+01 0.672157603E+00 0.304771583E+00 0.176209647E+08
  0.167792486E+03-0.400760159E+00 0.915268494E+01 0.458284440E+00
  0.521506743E+00 0.137032645E+01 0.486152181E+01 0.112834467E+02
  0.894188106E+01 0.309152104E+02 0.655484850E+01-0.717087534E+00
  0.193047196E+03 0.133390035E+03 0.955068694E+02
  0.229910838E+14 0.228507236E+14 0.186678227E+14
  0.118685782E+03 0.116040919E+03
  0.244545572E+14 0.000000000E+00
  0.632498781E+01 0.182993722E+00 0.220212552E+01 0.135037207E+01
  0.668701117E+00 0.154960417E+02-0.500000000E+02-0.500000000E+02
 -0.500000000E+02 0.166684355E+00 0.175655451E+05 0.183659489E+06
  0.962542368E-03 0.123373196E+01 0.109880788E+01-0.900246558E-02
  0.134942634E+01 0.158514968E+03 0.000000000E+00 0.000000000E+00
  0.125837544E+03-0.130797116E+03 0.125931325E+03 0.112807909E+03
 -0.100000000E+03-0.500000000E+02-0.192815754E+01-0.189222970E+01
  0.100000000E+03 0.353887692E+02 0.453011106E+02 0.486152181E+01
  0.171096214E+03-0.114575987E+01 0.385387653E+00 0.720745895E+03
  0.441424643E+00 0.387910699E+00 0.155456905E+06-0.102045236E-04
  0.339127243E+00 0.610068813E+03 0.104542458E+01 0.100000000E+02
    44   76   18    6
  0.107233163E+00 0.124495120E+00 0.143821082E+00 0.162163462E+00
  0.172503629E+00-0.782015313E-03-0.796809432E-01 0.203977187E+00
  0.133747725E+00 0.117218983E+00 0.112104189E+00 0.131838112E+00
  0.145212623E+00 0.143069990E+00-0.161563147E-01-0.175335748E-01
  0.157655087E+00 0.127419301E+00 0.122071623E+00 0.123369106E+00
  0.138542594E+00 0.155249035E+00 0.165101275E+00 0.181393657E+00
  0.129691587E+00-0.419150545E-01-0.327482095E-01-0.204299899E-01
  0.131747029E-01 0.122688920E+00 0.126022254E+00 0.140926438E+00
  0.143527525E+00 0.147678275E+00 0.103034588E+00 0.102864077E-01
  0.206142327E-01-0.302076021E-01 0.954900783E-02 0.147591427E+00
  0.135397939E+00 0.146261984E+00 0.135224839E+00 0.115983845E+00
  0.315377738E+00 0.329522852E+00 0.201818230E+00 0.827446148E-01
  0.209603791E-01 0.183509336E-02-0.802299509E-01-0.211848149E-01
  0.743808686E-01 0.157405086E+00 0.228359398E+00 0.183993444E+00
  0.194155199E+00 0.191449024E+00 0.179437161E+00 0.282847755E+00
  0.233554751E+00 0.866607572E-01 0.106923370E-01 0.197775342E-01
 -0.186641671E-01-0.451377374E-03-0.135098948E-02 0.758793366E-01
  0.144914832E+00 0.177624158E+00 0.165364939E+00 0.213616098E+00
  0.209898608E+00-0.797953351E-01-0.491481997E-01-0.170618892E-01
  0.739810498E-01 0.106359486E+00 0.168956574E+00 0.215141167E+00
  0.181504863E+00 0.176570449E+00 0.191400453E+00 0.177782742E+00
  0.210995984E+00 0.176770195E+00 0.165274767E+00 0.174694579E+00
  0.142634349E+00 0.757801599E-01-0.611599561E-03 0.800776057E-03
 -0.176436452E-01 0.189553834E-01 0.103462341E-01 0.885893961E-01
  0.234497682E+00 0.283320217E+00 0.315667861E+00 0.328834372E+00
  0.203855026E+00 0.876021464E-01 0.204980177E-01-0.116709874E-02
  0.416978022E-01 0.617539795E-01 0.467072773E-01 0.456403706E-01
 -0.562936593E-01-0.506638260E-01-0.109723879E+00-0.144717331E+00
 -0.192718332E-01-0.265582587E-01 0.563822233E-01 0.397540341E-01
  0.208365803E-01 0.180927477E-01 0.202855552E-01 0.207707861E-01
 -0.122362322E+06-0.471539870E+05 0.267625429E+04 0.570639575E+05
  0.268203346E+05-0.103658901E+06-0.210290462E+06 0.121540437E+06
  0.146434756E+05-0.604385519E+05-0.876899095E+05-0.161509951E+03
  0.486352923E+05 0.485401165E+04-0.142323179E+06-0.135377302E+06
  0.548023581E+05 0.158443715E+05
  0.124601895E+05 0.123275381E+05 0.122475869E+05 0.120797617E+05
  0.125770098E+05 0.122834795E+05
  0.000000000E+00 0.116752092E+03 0.117772189E+03 0.139589714E+03
  0.134799999E+03 0.000000000E+00 0.000000000E+00 0.000000000E+00
  0.000000000E+00 0.000000000E+00 0.643854785E+02 0.000000000E+00
  0.180205360E+00 0.368064159E+00 0.355662967E+01-0.130924738E+00
 -0.728940824E+00 0.300000000E+01 0.999000000E+03 0.390034544E+01
  0.158103648E+02 0.109880788E+01 0.000000000E+00 0.214040712E+00
 -0.999000000E+03-0.999000000E+03 0.545732795E+01 0.000000000E+00
  0.148200192E+00 0.159686867E+00 0.106603401E+01 0.225239031E+01
  0.510888917E+02 0.387054763E+01 0.894188106E+01 0.569390070E+01
  0.337209055E+00 0.287609688E+02 0.823136179E+01 0.881773215E+00
  0.156223560E+01 0.116752092E+03 0.117772189E+03-0.890000000E+02
 -0.890000000E+02 0.139589714E+03 0.134799999E+03-0.890000000E+02
 -0.890000000E+02 0.130904825E+05 0.287568588E+00 0.492777972E+00
  0.144688265E+03 0.166343750E+03 0.000000000E+00 0.109366333E+01
                                            MAG
