dee    diii-d

-------------------------------------------------------
 &NAMELIS1
 RMAJOR = 0.0
 RMINOR = 60.0
 BTOR = 0.0
 TOTCUR = 1293489.37
 RIN = 84.0
 ROUT = 243.0
 ZAX = 0.0
 NJ = 201
 NPRIM = 1
 NIMP = 1
 NAMEP = 'd'
 NAMEI = 'c'
 CER_ION = 'c'
 ITENP = 0
 ITTE = 0
 ITTI = 0
 ITXJ = 0
 IANGROT = 1
 ITANGROT = 0
 TAUPIN = 0.25
 WNEO = 1.0 2*0.0 1.0 2*0.0 1.0 0.0 1.0 3*0.0 2*1.0 4*0.0 1.0 5*0.0 1.0
 WNEOT = 1.0
 JHIRSH = 112
 RESISTIVE = 'hirshman'
 FTCALC = 'exact'
 INENEZ = 1
 ADJZEFF = 0
 NBCTIM = 1
 BCTIME = 1.765
 SPLNINPT = 'new'
 TIME0 = 1.765
 TIMMAX = 1.764
 DTMAX = 0.005
 NMAX = 1000
 IFFAR = 0
 JPRT = 1
 JFLUX = 1
 JCOEF = 0
 JSOURC = 0
 JBAL = 0
 JTFUS = 0
 JSXR = 0
 NNEU = 1
 NAMEN = 'd'
 RUN_PREPLT = .True.
 MOMTM_FILE = 0
 DO_EQPLOT = 0
 STEADY_STATE = 1.0
 RENEIN = 0.0 0.01 0.02 0.03 0.04 0.05 0.06 0.07 0.08 0.09 0.1 0.11 0.12 0.13 
 0.14 0.15 0.16 0.17 0.18 0.19 0.2 0.21 0.22 0.23 0.24 0.25 0.26 0.27 0.28 
 0.29 0.3 0.31 0.32 0.33 0.34 0.35000000000000003 0.36 0.37 0.38 0.39 0.4 
 0.41000000000000003 0.42 0.43 0.44 0.45 0.46 0.47000000000000003 0.48 0.49 
 0.5 0.51 0.52 0.53 0.54 0.55 0.56 0.5700000000000001 0.58 0.59 0.6 0.61 0.62 
 0.63 0.64 0.65 0.66 0.67 0.68 0.6900000000000001 0.7000000000000001 0.71 
 0.72 0.73 0.74 0.75 0.76 0.77 0.78 0.79 0.8 0.81 0.8200000000000001 
 0.8300000000000001 0.84 0.85 0.86 0.87 0.88 0.89 0.9 0.91 0.92 0.93 
 0.9400000000000001 0.9500000000000001 0.96 0.97 0.98 0.99 1.0
 NJENE = 101
 ENEIN = 58678126335144.04 58668184279736.195 58638687131616.93 
 58590097422861.37 58522887222287.35 58437523846146.75 58334488852585.48 
 58214230545128.51 58077239962831.03 57923989352002.63 57754931474587.164 
 57570552814052.29 57371315898818.83 57157697569114.18 56930160533172.11 
 56689176693021.28 56435222530438.46 56168761301114.12 55890274240700.07 
 55600218701089.3 55299072360719.12 54987311152154.734 54665393789815.664 
 54333791860151.055 53993000796681.19 53643455508595.25 53285646089926.35 
 52920036706343.29 52547106785341.43 52167305624100.3 51781130301567.64 
 51389041032897.55 50991501520267.67 50588989780536.836 50181989822030.016 
 49770936718818.97 49356332436439.82 48938632227468.76 48518314160123.55 
 48095845569381.57 47671685470352.02 47246332016194.82 46820234693277.02 
 46393862069833.414 45967697995783.85 45542206258366.945 45117864961217.28 
 44695119807644.75 44274487046850.266 43856387548101.484 43441324248374.25 
 43029751388925.98 42622145837475.91 42218984418133.27 41820727257946.5 
 41427851184817.42 41040816410821.4 40660118789248.57 40286192282056.82 
 39919535172419.52 39560609710650.42 39209893252173.54 38867833769883.35 
 38534848535749.54 38211292771680.52 37897531262344.95 37593909111923.81 
 37300811296481.03 37018568724560.24 36747555670877.94 36488141718546.38 
 36240674944750.945 36005504794947.78 35783017103636.734 35573551863604.01 
 35377473827436.46 35195150214933.47 35026924316871.098 34873168070991.75 
 34734237487991.574 34610493329452.793 34502306006178.027 34410023634889.57 
 34333994289462.35 34274604209314.8 34232199292432.285 34207134282743.855 
 34199779037477.094 34210486425938.61 34239616462596.19 34287538677422.562 
 34350025492875.137 34287896259647.633 33808124389268.863 32609316773595.703 
 30390074857362.35 26896979366899.734 22246591030718.09 16727518899177.457 
 10629323526757.076 4241566741711.7217
 RTEIN = 0.0 0.01 0.02 0.03 0.04 0.05 0.06 0.07 0.08 0.09 0.1 0.11 0.12 0.13 
 0.14 0.15 0.16 0.17 0.18 0.19 0.2 0.21 0.22 0.23 0.24 0.25 0.26 0.27 0.28 
 0.29 0.3 0.31 0.32 0.33 0.34 0.35000000000000003 0.36 0.37 0.38 0.39 0.4 
 0.41000000000000003 0.42 0.43 0.44 0.45 0.46 0.47000000000000003 0.48 0.49 
 0.5 0.51 0.52 0.53 0.54 0.55 0.56 0.5700000000000001 0.58 0.59 0.6 0.61 0.62 
 0.63 0.64 0.65 0.66 0.67 0.68 0.6900000000000001 0.7000000000000001 0.71 
 0.72 0.73 0.74 0.75 0.76 0.77 0.78 0.79 0.8 0.81 0.8200000000000001 
 0.8300000000000001 0.84 0.85 0.86 0.87 0.88 0.89 0.9 0.91 0.92 0.93 
 0.9400000000000001 0.9500000000000001 0.96 0.97 0.98 0.99 1.0
 NJTE = 101
 TEIN = 4.015380859375 4.014433383878735 4.011618613989157 4.006974219844544 
 4.000541686280165 3.992359400256072 3.982467888235104 3.970905304788601 
 3.9577124092369345 3.942928558328655 3.926592113853614 3.9087440956043906 
 3.8894236032132867 3.8686697377456825 3.846522571016709 3.823022140473153 
 3.79820632001506 3.772115950790512 3.7447903348193674 3.716268770771823 
 3.686592111664615 3.655797699058834 3.6239261587966514 3.5910170205939846 
 3.5571102908975933 3.522244930637584 3.4864608891833337 3.449797192417434 
 3.4122936770357666 3.3739897878827296 3.334925697630807 3.295140275699405 
 3.254672974746428 3.2135632554699995 3.171851889947063 3.1295766575348636 
 3.086778701068189 3.0434966277342914 2.9997699050274855 2.9556381065903157 
 2.9111421377716513 2.8663198786587274 2.8212117554053346 2.7758560491904296 
 2.7302942166973496 2.68456477420562 2.6387067200445484 2.5927607958323 
 2.5467659933524547 2.500762031789344 2.454787732099817 2.4088835279514615 
 2.363088759142929 2.3174422870895066 2.2719846760055225 2.2267556731846354 
 2.1817932235746964 2.1371378581703455 2.0928296309803467 2.0489066890585335 
 2.0054107765066536 1.962378919200551 1.9198519170670556 1.877869824696329 
 1.8364713800788217 1.7956964013294738 1.755584583015875 1.7161747869271617 
 1.6775071908648411 1.6396213681543854 1.6025567815255952 1.566352768484601 
 1.531048994604596 1.4966849738045267 1.463300618427952 1.4309349058777912 
 1.399627418318887 1.36941856561265 1.3403464949765909 1.3124520195165381 
 1.285774261975237 1.2602959936598153 1.235473495723437 1.2104757590171742 
 1.1844684347246575 1.156617468271105 1.1260887826173143 1.0920483027083652 
 1.0536615640800528 1.0100951677596186 0.96051429169363 0.9040850676793478 
 0.8399734986370786 0.7673453613274214 0.6853666085824485 0.593210396464712 
 0.4909570826388794 0.38046159161104726 0.26378454449767585 
 0.1429863718474918 0.020127655013766357
 RTIIN = 0.0 0.01 0.02 0.03 0.04 0.05 0.06 0.07 0.08 0.09 0.1 0.11 0.12 0.13 
 0.14 0.15 0.16 0.17 0.18 0.19 0.2 0.21 0.22 0.23 0.24 0.25 0.26 0.27 0.28 
 0.29 0.3 0.31 0.32 0.33 0.34 0.35000000000000003 0.36 0.37 0.38 0.39 0.4 
 0.41000000000000003 0.42 0.43 0.44 0.45 0.46 0.47000000000000003 0.48 0.49 
 0.5 0.51 0.52 0.53 0.54 0.55 0.56 0.5700000000000001 0.58 0.59 0.6 0.61 0.62 
 0.63 0.64 0.65 0.66 0.67 0.68 0.6900000000000001 0.7000000000000001 0.71 
 0.72 0.73 0.74 0.75 0.76 0.77 0.78 0.79 0.8 0.81 0.8200000000000001 
 0.8300000000000001 0.84 0.85 0.86 0.87 0.88 0.89 0.9 0.91 0.92 0.93 
 0.9400000000000001 0.9500000000000001 0.96 0.97 0.98 0.99 1.0
 NJTI = 101
 TIIN = 6.149116039276123 6.146362781342564 6.138216018078964 
 6.124843596176394 6.106415269674429 6.083099367918143 6.055064673822195 
 6.022480011384756 5.985513679770553 5.944335477141464 5.899112708052196 
 5.850015637111453 5.797212108759223 5.740871877809485 5.681163792749365 
 5.618254698688334 5.552314733695325 5.483512891959485 5.412017873196903 
 5.337997418314114 5.261621976762905 5.183058685875383 5.102477540680075 
 5.020046748825218 4.935934497677747 4.850311281048718 4.763345157488574 
 4.67520389734148 4.586057195940053 4.496073170356435 4.4054213625714 
 4.314270519197996 4.222789222018167 4.131145116106911 4.039509330748759 
 3.948048298886101 3.8569327669647153 3.7663298090977104 3.676409202065729 
 3.587339752125476 3.499289567875598 3.41242811006168 3.326924213915104 
 3.2429462094595376 3.160662631888481 3.080243017211461 3.0018554372935533 
 2.9256696613053546 2.8518530557752344 2.7805753419995995 2.712005137033657 
 2.646311461783339 2.5836623965545913 2.524227220385351 2.4681748169353384 
 2.415591777145215 2.366332065176618 2.3202070881046355 2.277028970017675 
 2.2366091212399337 2.1987594064839215 2.1632915054986395 2.1300175356015676 
 2.09874819304865 2.0692965586329897 2.0414733257721025 2.0150912490318373 
 1.9899611893726898 1.9658951922564425 1.9427049106353087 1.9202022290190284 
 1.898198915664758 1.8765065109177488 1.8549368784035618 1.8333016832069324 
 1.8114126914873054 1.7890821476355336 1.7661212229163084 1.742341566698442 
 1.7175556951927047 1.6915743670062964 1.6642097298677418 1.6352736730367006 
 1.6045778444987255 1.571933893542992 1.5371541613156667 1.5000495245567382 
 1.4604321903476785 1.418113686939173 1.3729055429192158 1.3246202431894174 
 1.2730692778802744 1.2180638039255902 1.1594162393887026 1.096937878967011 
 1.0304407230565171 0.9597364840756418 0.8846369729290964 0.8051169858551067 
 0.7223135405606264 0.6378671521629258
 RANGROT = 0.0 0.01 0.02 0.03 0.04 0.05 0.06 0.07 0.08 0.09 0.1 0.11 0.12 
 0.13 0.14 0.15 0.16 0.17 0.18 0.19 0.2 0.21 0.22 0.23 0.24 0.25 0.26 0.27 
 0.28 0.29 0.3 0.31 0.32 0.33 0.34 0.35000000000000003 0.36 0.37 0.38 0.39 
 0.4 0.41000000000000003 0.42 0.43 0.44 0.45 0.46 0.47000000000000003 0.48 
 0.49 0.5 0.51 0.52 0.53 0.54 0.55 0.56 0.5700000000000001 0.58 0.59 0.6 0.61 
 0.62 0.63 0.64 0.65 0.66 0.67 0.68 0.6900000000000001 0.7000000000000001 
 0.71 0.72 0.73 0.74 0.75 0.76 0.77 0.78 0.79 0.8 0.81 0.8200000000000001 
 0.8300000000000001 0.84 0.85 0.86 0.87 0.88 0.89 0.9 0.91 0.92 0.93 
 0.9400000000000001 0.9500000000000001 0.96 0.97 0.98 0.99 1.0
 ANGROTIN = 97538.1015625 97493.2187470349 97360.56249027839 
 97143.09372993058 96843.7968411867 96465.60160681172 96011.50774181857 
 95484.46875744357 94887.45300626064 94223.41433438563 93495.32041663668 
 92706.17963699762 91858.89038295574 90956.48391981077 90001.88290418577 
 88998.08654420593 87948.04648398164 86854.67992148164 85721.04770270923 
 84550.05440011449 83344.67221261449 82107.88979544304 80842.64828363442 
 79551.93023675942 78238.71022254085 76905.92975379084 75556.56901266694 
 74193.59526266693 72819.9767862327 71438.66290592078 70052.65009342079 
 68664.87540435634 67278.32713625036 65895.95494875035 64520.7505533085 
 63155.647631632906 61803.62700663291 60467.66862985365 59150.722038760185 
 57855.75208947618 56585.73513635117 55343.6440980826 54132.420331119014 
 52955.05556549401 51814.499737557715 50713.737019980974 49655.70787935598 
 48643.40613512683 47679.78027155731 46767.80558405731 45910.441442646086 
 45109.386006078945 44362.09632702038 43665.19735938493 43015.30216407243 
 42409.01634001057 41842.96497166077 41313.75355165883 40817.999222786384 
 40352.30353617218 39913.30181742217 39497.59044425804 39101.797050561945 
 38722.51545041038 38356.37449017862 37999.98354047397 37649.95795453647 
 37302.8990351982 36955.43776738852 36604.17960204082 36245.73784134867 
 35876.721834492324 35493.754998554825 35093.43825469054 34672.40666242912 
 34227.24608860072 33754.58936352983 33251.04194292329 32713.21319727309 
 32137.727806648087 31521.194096375486 30860.226725434564 30151.423284532924 
 29391.42637487044 28576.82974282403 27704.252086574026 26770.30410170585 
 25771.60595989924 24704.757269685568 23566.392795629985 22353.106295606678 
 21061.515123731675 19688.242507801275 18229.89360575757 16683.087499939902 
 15044.435433040548 13310.543919423973 11478.034544423972 9546.867946987752 
 7542.250425067248 5500.878450710326
 ZEFFIN = 2.4912813234035136 2.490639332641445 2.4887497473703233 
 2.4856652743425105 2.481437480596279 2.4761148139541596 2.4697452499934274 
 2.462374366254033 2.454047282435134 2.4448073831026647 2.434698301141423 
 2.423761607447876 2.4120391481160075 2.399573373731489 2.38640510168028 
 2.372576654371083 2.3581285300429142 2.343102770424566 2.3275433109346126 
 2.3114924510698955 2.294993859545815 2.2780932080806524 2.2608369470848686 
 2.243271641216368 2.2254447991349986 2.2074096460818193 2.1892160912660006 
 2.170918694005 2.1525751564515607 2.134240947190756 2.115978281534854 
 2.097849929406058 2.0799218453804724 2.0622621713576637 2.044942145360114 
 2.0280394118804237 2.0116283637277856 1.9957942846991457 1.980619346268281 
 1.966194288341827 1.952612477384159 1.9399699013432992 1.9283687585769402 
 1.9179145933502522 1.9087170791021364 1.9008911447902657 1.89455567951319 
 1.8898341816843323 1.8867949081439566 1.8854114640557265 1.8856439960413405 
 1.8874521751028972 1.890791207081238 1.8956166543303552 1.9018784917874816 
 1.909523200980236 1.9184959487284101 1.928739976059426 1.9401843697022465 
 1.9527700024208157 1.966422766719215 1.9810629643800444 1.9966147598454054 
 2.012988403834147 2.0301038835128535 2.0478611997053235 2.066161728218414 
 2.0849121938670248 2.1039933913873705 2.123308798863931 2.1427286195005646 
 2.1621427627955274 2.1814129772045536 2.2004260476855695 2.2190428002963274 
 2.2371240653252906 2.254540034477662 2.271141286459026 2.2867983353201855 
 2.3013504937991067 2.314680219931014 2.326622477909702 2.3370471515727336 
 2.3458101016086212 2.3527809972001563 2.357830495567396 2.360821649031527 
 2.361638608436114 2.360166797836596 2.356294071644763 2.349920719500133 
 2.341141139715832 2.3352742143603895 2.343719395198506 2.3799611536733902 
 2.464074880543285 2.6323888650657175 2.9434570174728023 3.429913757554945 
 3.4959054827996234 2.228605189931356
 RZEFFIN = 0.0 0.01 0.02 0.03 0.04 0.05 0.06 0.07 0.08 0.09 0.1 0.11 0.12 
 0.13 0.14 0.15 0.16 0.17 0.18 0.19 0.2 0.21 0.22 0.23 0.24 0.25 0.26 0.27 
 0.28 0.29 0.3 0.31 0.32 0.33 0.34 0.35000000000000003 0.36 0.37 0.38 0.39 
 0.4 0.41000000000000003 0.42 0.43 0.44 0.45 0.46 0.47000000000000003 0.48 
 0.49 0.5 0.51 0.52 0.53 0.54 0.55 0.56 0.5700000000000001 0.58 0.59 0.6 0.61 
 0.62 0.63 0.64 0.65 0.66 0.67 0.68 0.6900000000000001 0.7000000000000001 
 0.71 0.72 0.73 0.74 0.75 0.76 0.77 0.78 0.79 0.8 0.81 0.8200000000000001 
 0.8300000000000001 0.84 0.85 0.86 0.87 0.88 0.89 0.9 0.91 0.92 0.93 
 0.9400000000000001 0.9500000000000001 0.96 0.97 0.98 0.99 1.0
 NJZEF = 101
 /
 &NAMELIS2
 IYOKA = 1
 ISHOT = 166613
 ITIME = 1765
 BEAMON = 1.0001 1.0101 1.0001 0.7121 0.5101 0.5001 99.0 4.3002
 BTIME = 2.9527 4.0498 3.3693 4.3569 4.7304 4.7305 1.0 0.7688
 TIMBPLT = 0.0
 NBEAMTCX = 1
 ITERATE_BEAM = .False.
 NAMEB = 'd'
 FDBEAM = 1.0
 NPART = 50000
 NPSKIP = 5
 MF = 21
 FE_TK = 1.5
 IEXCIT = 5
 IZSTRP = 2*1
 NBEAMS = 6
 NSOURC = 2
 SFRAC1 = 1.0 0.0 1.0 0.0 1.0 2*0.0 1.0
 EBKEV = 80.6579 74.9774 67.3811 59.9521 74.9122 73.3413 80.0 60.6232
 BPTOR = 798698.0 878141.0 1170510.0 1231220.0 1126710.0 1054840.0 2*0.0
 ANGLEH = 3*19.5 -19.5 3*19.5 -19.5
 FBCUR = 0.790477 0.155916 0.0536071 0.780819 0.15409 0.0650903 0.760101 
 0.152057 0.0878419 0.731202 0.150521 0.118277 0.78068 0.154071 0.0652496 
 0.777112 0.153613 0.0692756 0.789614 0.155691 0.0546949 0.734164 0.150641 
 0.115195
 ANGRCPLE = 1.0
 IRFPLT = 0
 IMAXBEAMCONVG = 20
 HDEPSMTH = 100
 ICALC_CXFACTOR = 0
 TORAY_VERSION = 1.8
 TORAY_PATH = '/home/prater/bin/toray1.8_noclob'
 RFON = 6*-1.0
 RFTIME = 6*-1.0
 IRFCUR = 6*1
 FREQ = 6*110000000000.0
 WRFO = 6*0.0
 GAFSEP = 1e-06
 HLWEC = 6*1.7
 RATWEC = 6*1.0
 RFMODE = 6*'ech'
 RFPOW = 6*0.0
 THETEC = 6*0.0
 PHAIEC = 6*0.0
 XEC = 6*0.0
 ZEC = 6*0.0
 NRAY = 6*30
 IDAMP = 6*8
 QRADR = 0.0 0.01 0.02 0.03 0.04 0.05 0.06 0.07 0.08 0.09 0.1 0.11 0.12 0.13 
 0.14 0.15 0.16 0.17 0.18 0.19 0.2 0.21 0.22 0.23 0.24 0.25 0.26 0.27 0.28 
 0.29 0.3 0.31 0.32 0.33 0.34 0.35000000000000003 0.36 0.37 0.38 0.39 0.4 
 0.41000000000000003 0.42 0.43 0.44 0.45 0.46 0.47000000000000003 0.48 0.49 
 0.5 0.51 0.52 0.53 0.54 0.55 0.56 0.5700000000000001 0.58 0.59 0.6 0.61 0.62 
 0.63 0.64 0.65 0.66 0.67 0.68 0.6900000000000001 0.7000000000000001 0.71 
 0.72 0.73 0.74 0.75 0.76 0.77 0.78 0.79 0.8 0.81 0.8200000000000001 
 0.8300000000000001 0.84 0.85 0.86 0.87 0.88 0.89 0.9 0.91 0.92 0.93 
 0.9400000000000001 0.9500000000000001 0.96 0.97 0.98 0.99 1.0
 NQRAD = 101
 QRADIN = 0.14016710221767426 0.13984404503577075 0.13952098785386724 
 0.1391979306693778 0.13883630926162516 0.1382530332207731 
 0.13757367421492164 0.13678139452441757 0.13588608783561815 
 0.13489046727199186 0.1337999703164686 0.13261030606869625 
 0.13135093414210522 0.129996239461207 0.12857478863766153 
 0.12707261824620786 0.125501512895846 0.12386491180541476 
 0.12216674656239127 0.12040928707944534 0.11859375299441001 
 0.11672983938121441 0.11481565213688606 0.11285635164865249 
 0.11085465440951492 0.10881396377884056 0.10673770107405701 
 0.10462913148181954 0.10248954615071629 0.10032616373066912 
 0.09813764955763826 0.09592873657812234 0.09370210606476057 
 0.09146072257181394 0.08920747128555358 0.08694527163011587 
 0.08467698423964537 0.08240539682019339 0.08013342957756357 
 0.07786387626284913 0.07559967179054573 0.07334357419790041 
 0.07109860783305476 0.06886744653668711 0.06665329582819751 
 0.06445868799494647 0.06228707918929004 0.06014067654402907 
 0.05802333131173802 0.05593758642414761 0.05388668181386436 
 0.05187382733535088 0.0499020703631993 0.047974901483348584 
 0.046095002726606105 0.0442663676041878 0.042492118208705625 
 0.040775864132965786 0.03912131595509135 0.03753141660037546 
 0.03601074579897432 0.034562478091162564 0.03319098862503431 
 0.031899980625755296 0.03069424469265353 0.029576140807630755 
 0.0285517916992924 0.027625186042227568 0.026800823022851944 
 0.02608340219126489 0.02547783346274843 0.02498866166392758 
 0.024621623674728418 0.0243815747065743 0.02427418353961462 
 0.024304792286042598 0.024479713600442495 0.024804261498808843 
 0.025285074465383136 0.025928445659984194 0.02674119819646448 
 0.027729449584184215 0.028900128831654905 0.030261504270698236 
 0.031819877184434936 0.03358389393190961 0.03556128313567697 
 0.03776019333160796 0.04019006841427725 0.04285770699260866 
 0.0457735285677714 0.04892012035034129 0.052170341878547445 
 0.05537063407253173 0.05836724552838186 0.06100591897623514 
 0.06312805727522029 0.06458824456135882 0.06522291776751274 
 0.06487716021772037 0.06339559711247844
 ANGLEV = 2*0.0 0.298413 3*0.0 -0.00119126 0.0
 RPIVOT = 8*286.56
 ZPIVOT = 2*0.0 -2.94555 3*0.0 0.137138 0.0
 BLENP(3) = 584.899
 BLENP(4) = 0.0
 /
 &NAMELIS3
 IFIXSHAP = 1
 XDIM = 170.0
 YDIM = 320.0
 REDGE = 84.0
 EQDSKIN = 'g166613.01765'
 IRGUESS = -99
 ITORFLUSE = 1
 ITERDB = 1
 NLIMITER = -1
 create_gcnmp_input = .True.
 write_ITERDB_txt = .False.
 ieqdsk = -1
 /
