25-May-01  04/26/2000
 106210               1
   4290
*4290.000             1               0 SNB   3   1 CLC     0    0
  0.102693824E+02 0.169550003E+03-0.189648974E+01 0.106948387E+07
  0.107762900E+07 0.166893707E+03-0.115279484E+02 0.574007454E+02
  0.200059843E+01 0.148407653E+00 0.203012496E+00 0.189142500E+08
  0.169791916E+03 0.847361029E+00 0.743816233E+01 0.124849904E+01
  0.736719131E+00 0.101822543E+01 0.789298917E+01 0.985370350E+01
  0.301689739E+02 0.100043879E+02 0.496555519E+01-0.784120679E+00
  0.220343757E+03 0.154889381E+03 0.105461717E+03
  0.362021325E+14 0.453142035E+14 0.444651547E+14
  0.114642060E+03
 -0.408603324E+15
  0.374951434E+01 0.250813812E+00 0.210452294E+01 0.144853067E+01
  0.599624276E+00 0.782554436E+01-0.500000000E+02-0.500000000E+02
 -0.500000000E+02-0.158489853E+00 0.184447715E+05 0.523173031E+06
  0.924401909E-03 0.137088525E+01 0.105880439E+01-0.101296343E-01
  0.147369063E+01 0.162791885E+03 0.000000000E+00 0.000000000E+00
  0.155240646E+03-0.126363792E+03-0.999000000E+03-0.999000000E+03
  0.105705805E+02-0.500000000E+02-0.194261515E+01-0.187489963E+01
  0.100000000E+03 0.365333214E+02 0.458202972E+02 0.789298917E+01
  0.171502426E+03 0.341741824E+01 0.103578523E+00 0.194379181E+03
  0.760040999E+00 0.128802204E+01 0.539734812E+06-0.945495503E-05
  0.488579958E+00 0.200532516E+03 0.111380017E+01 0.100000010E+02
    41   73   18    6
 -0.239265561E+00-0.228670582E+00-0.229705885E+00-0.224627674E+00
 -0.225944236E+00-0.409996033E+00-0.356458217E+00-0.239129156E+00
 -0.163126066E+00-0.239532158E+00-0.237510815E+00-0.250289589E+00
 -0.218492493E+00-0.200921997E+00-0.439774603E+00-0.383681267E+00
 -0.159211740E+00-0.127534240E+00-0.227341428E+00-0.223112613E+00
 -0.222501740E+00-0.223485485E+00-0.225385830E+00-0.227675870E+00
 -0.176741764E+00-0.329790741E+00-0.315462768E+00-0.436718971E+00
 -0.374622017E+00-0.227629215E+00-0.237517029E+00-0.229889423E+00
 -0.210080057E+00-0.186570540E+00-0.179879278E+00-0.343347281E+00
 -0.330300182E+00-0.473301411E+00-0.404679924E+00-0.159014404E+00
 -0.144461110E+00 0.394964933E+00 0.392198473E+00 0.278030664E+00
  0.170534104E+00 0.694652572E-01 0.574456751E-01 0.799333901E-01
  0.134711596E-02 0.372058079E-01 0.151050165E+00 0.225142792E+00
  0.227820352E+00 0.313023686E+00 0.299277872E+00 0.251873493E+00
  0.375655770E+00 0.274911493E+00 0.246913835E+00 0.107534833E+00
  0.562459231E-01-0.468765385E-01-0.369276069E-01-0.950855836E-01
  0.858111233E-01 0.193468899E+00 0.238915056E+00 0.238756865E+00
  0.331540108E+00 0.302348197E+00 0.779525414E-01 0.551886931E-01
 -0.222565699E-01 0.357082151E-01 0.970735103E-01 0.160714328E+00
  0.225015685E+00 0.229109555E+00 0.314435333E+00 0.298671216E+00
  0.251194507E+00 0.304160953E+00 0.329941034E+00 0.240009531E+00
  0.239115819E+00 0.190127850E+00 0.855330825E-01-0.920790956E-01
 -0.382048376E-01-0.457976907E-01 0.556484796E-01 0.106601954E+00
  0.247025192E+00 0.277445733E+00 0.375800431E+00 0.395241201E+00
  0.391908765E+00 0.277651280E+00 0.176242754E+00 0.655489937E-01
  0.568909123E-01 0.172780938E-01 0.416033455E-01 0.813692063E-01
  0.651898384E-01 0.537683629E-01 0.356341340E-01-0.620081015E-01
 -0.124760449E+00 0.736777633E-01 0.436469428E-01 0.131622389E+00
 -0.347417183E-01 0.594514906E-01
 -0.974129062E+05-0.343346797E+05-0.237770781E+05 0.386322032E+05
  0.383192891E+05-0.188426016E+06-0.128699672E+06-0.560273828E+05
  0.108482289E+06-0.857825390E+05-0.359114921E+05-0.942340780E+05
  0.446177110E+05 0.170439336E+05-0.214935281E+06-0.151883172E+06
  0.805689375E+05 0.115977633E+06
 -0.319602148E+05-0.325275996E+05-0.320017285E+05-0.321909668E+05
 -0.320932969E+05-0.324016895E+05
  0.216499997E+01 0.146575394E+03-0.136600006E+03 0.168437424E+03
 -0.136600006E+03 0.228833378E+00 0.000000000E+00-0.347574628E-01
  0.000000000E+00 0.000000000E+00 0.810933304E+02 0.000000000E+00
  0.479005903E+00 0.220025278E+01-0.399999962E+02-0.345044553E+00
 -0.771007657E+00 0.000000000E+00 0.999000000E+03 0.306039572E+01
  0.133363762E+02 0.102904725E+01 0.256167461E+01-0.201511784E+00
  0.484927273E+01 0.117463741E+02 0.358956933E+01 0.217682675E+00
  0.372345865E+00 0.416814358E+00 0.109548247E+01 0.224190307E+01
  0.550832863E+02 0.100834442E+01-0.890000000E+02 0.102394905E+02
 -0.890000000E+02-0.890000000E+02-0.890000000E+02-0.890000000E+02
  0.168400407E+01-0.890000000E+02-0.890000000E+02 0.146575394E+03
 -0.136600006E+03-0.890000000E+02-0.890000000E+02 0.168437424E+03
 -0.136600006E+03 0.817017873E+06 0.000000000E+00 0.000000000E+00
  0.000000000E+00 0.000000000E+00 0.000000000E+00 0.791712880E+00
  0.000000000E+00-0.375494790E+01 0.000000000E+00 0.000000000E+00
