  EFITD    04/26/2000    #106210  4290ms  EFIT03   0  65  65
 0.170000005E+01 0.320000005E+01 0.169550002E+01 0.839999974E+00 0.000000000E+00
 0.171502435E+01 0.341741815E-01-0.103578523E+00 0.158489853E+00-0.189648974E+01
 0.107762900E+07-0.103578523E+00 0.000000000E+00 0.171502435E+01 0.000000000E+00
 0.341741815E-01 0.000000000E+00 0.158489853E+00 0.000000000E+00 0.000000000E+00
-0.333163214E+01-0.332076669E+01-0.331062150E+01-0.330116487E+01-0.329236770E+01
-0.328420544E+01-0.327665496E+01-0.326969600E+01-0.326330948E+01-0.325747681E+01
-0.325218081E+01-0.324740338E+01-0.324312639E+01-0.323933053E+01-0.323599553E+01
-0.323309851E+01-0.323061419E+01-0.322851443E+01-0.322676682E+01-0.322533464E+01
-0.322417593E+01-0.322324824E+01-0.322251296E+01-0.322193718E+01-0.322149301E+01
-0.322115636E+01-0.322090673E+01-0.322072625E+01-0.322060013E+01-0.322051549E+01
-0.322046161E+01-0.322042871E+01-0.322040915E+01-0.322039628E+01-0.322038412E+01
-0.322036791E+01-0.322034359E+01-0.322030807E+01-0.322025800E+01-0.322019172E+01
-0.322010708E+01-0.322000289E+01-0.321987820E+01-0.321973205E+01-0.321956468E+01
-0.321937585E+01-0.321916580E+01-0.321893597E+01-0.321868706E+01-0.321842051E+01
-0.321813893E+01-0.321784425E+01-0.321753979E+01-0.321722937E+01-0.321691751E+01
-0.321660924E+01-0.321631074E+01-0.321602964E+01-0.321577430E+01-0.321555543E+01
-0.321538424E+01-0.321527529E+01-0.321524477E+01-0.321531153E+01-0.321549845E+01
 0.186033437E+05 0.240789492E+05 0.288247168E+05 0.329038789E+05 0.363748985E+05
 0.392918281E+05 0.417046406E+05 0.436595195E+05 0.451991602E+05 0.463630234E+05
 0.471875781E+05 0.477065156E+05 0.479509648E+05 0.479496797E+05 0.477292109E+05
 0.473140820E+05 0.467269141E+05 0.459885859E+05 0.451183555E+05 0.441339687E+05
 0.430517891E+05 0.418868633E+05 0.406530547E+05 0.393630898E+05 0.380286641E+05
 0.366605000E+05 0.352684062E+05 0.338613555E+05 0.324475293E+05 0.310343633E+05
 0.296286035E+05 0.282363359E+05 0.268630371E+05 0.255135918E+05 0.241923379E+05
 0.229030840E+05 0.216491328E+05 0.204333047E+05 0.192579570E+05 0.181249883E+05
 0.170358633E+05 0.159916103E+05 0.149928340E+05 0.140397197E+05 0.131320283E+05
 0.122691016E+05 0.114498535E+05 0.106727685E+05 0.993588673E+04 0.923679492E+04
 0.857261133E+04 0.793996874E+04 0.733499267E+04 0.675327881E+04 0.618986476E+04
 0.563920168E+04 0.509511816E+04 0.455078516E+04 0.399867163E+04 0.343050048E+04
 0.283719629E+04 0.220883227E+04 0.153456702E+04 0.802580384E+03 0.000000000E+00
-0.914022064E+01-0.851201725E+01-0.791741324E+01-0.735219289E+01-0.681285762E+01
-0.629654264E+01-0.580094528E+01-0.532427121E+01-0.486518764E+01-0.442279387E+01
-0.399659538E+01-0.358649540E+01-0.319279027E+01-0.281617785E+01-0.245777369E+01
-0.211913919E+01-0.180231917E+01-0.150989223E+01-0.124503339E+01-0.101159263E+01
-0.813249410E+00-0.647593323E+00-0.509901401E+00-0.396119984E+00-0.302780509E+00
-0.226914434E+00-0.165980678E+00-0.117803466E+00-0.805191221E-01-0.525303911E-01
-0.324674752E-01-0.191544732E-01-0.115805864E-01-0.887541939E-02-0.102877030E-01
-0.151668778E-01-0.229472080E-01-0.331339231E-01-0.452911286E-01-0.590311405E-01
-0.740049782E-01-0.898938626E-01-0.106401391E+00-0.123246297E+00-0.140155569E+00
-0.156857774E+00-0.173076405E+00-0.188523128E+00-0.202890724E+00-0.215845570E+00
-0.227019518E+00-0.236000793E+00-0.242324010E+00-0.245458782E+00-0.244796664E+00
-0.239636363E+00-0.229166552E+00-0.212445989E+00-0.188380526E+00-0.155696317E+00
-0.112908706E+00-0.582858175E-01 0.101937207E-01 0.948902816E-01 0.198560952E+00
 0.143033287E+07 0.124407437E+07 0.107386338E+07 0.918489751E+06 0.776833874E+06
 0.647859936E+06 0.530609623E+06 0.424196158E+06 0.327798906E+06 0.240658422E+06
 0.162071843E+06 0.913884761E+05 0.280059243E+05-0.286336385E+05-0.790468595E+05
-0.123712359E+06-0.163073672E+06-0.197541922E+06-0.227498359E+06-0.253296703E+06
-0.275265250E+06-0.293708938E+06-0.308911156E+06-0.321135500E+06-0.330627407E+06
-0.337615625E+06-0.342313562E+06-0.344920688E+06-0.345623688E+06-0.344597625E+06
-0.342007031E+06-0.338006844E+06-0.332743375E+06-0.326355281E+06-0.318974344E+06
-0.310726219E+06-0.301731312E+06-0.292105500E+06-0.281960750E+06-0.271405875E+06
-0.260547188E+06-0.249489156E+06-0.238335031E+06-0.227187469E+06-0.216149156E+06
-0.205323453E+06-0.194815031E+06-0.184730484E+06-0.175179000E+06-0.166273016E+06
-0.158128922E+06-0.150867766E+06-0.144615969E+06-0.139506110E+06-0.135677781E+06
-0.133278344E+06-0.132463938E+06-0.133400360E+06-0.136264094E+06-0.141243391E+06
-0.148539438E+06-0.158367547E+06-0.170958515E+06-0.186560000E+06-0.205438047E+06
 2.293288708e-01 2.266254127e-01 2.235533744e-01 2.200033069e-01 2.159600407e-01
 2.114928067e-01 2.067033648e-01 2.015966922e-01 1.960035860e-01 1.915403455e-01
 1.859648376e-01 1.791867614e-01 1.704349220e-01 1.639791430e-01 1.616872399e-01
 1.558106840e-01 1.525242328e-01 1.526437998e-01 1.489793509e-01 1.492146848e-01
 1.530239434e-01 1.545918136e-01 1.547566205e-01 1.538789421e-01 1.521060765e-01
 1.494575738e-01 1.458464265e-01 1.410611868e-01 1.347145736e-01 1.263146102e-01
 1.188291311e-01 1.172858030e-01 1.162573546e-01 1.212541387e-01 1.267126203e-01
 1.389530599e-01 1.517014802e-01 1.623777896e-01 1.715058237e-01 1.795291454e-01
 1.867619008e-01 1.934333146e-01 1.997101009e-01 2.057094574e-01 2.115099132e-01
 2.171609700e-01 2.226908803e-01 2.281123847e-01 2.334267944e-01 2.386267782e-01
 2.436984628e-01 2.486231178e-01 2.533785999e-01 2.579408586e-01 2.622853816e-01
 2.663886249e-01 2.702293992e-01 2.737900615e-01 2.770575285e-01 2.800239027e-01
 2.826869189e-01 2.850494385e-01 2.871193588e-01 2.889087796e-01 2.904329896e-01
 2.279926836e-01 2.246711254e-01 2.210863083e-01 2.171670348e-01 2.128970027e-01
 2.083096951e-01 2.032108306e-01 1.988951414e-01 1.942829639e-01 1.901008189e-01
 1.852905304e-01 1.797339767e-01 1.735979766e-01 1.684355586e-01 1.645954698e-01
 1.604331731e-01 1.573943497e-01 1.556262971e-01 1.535559296e-01 1.529327781e-01
 1.536947638e-01 1.539703459e-01 1.535139381e-01 1.523278505e-01 1.504094451e-01
 1.477082223e-01 1.441024542e-01 1.393650025e-01 1.331004053e-01 1.247353703e-01
 1.170134172e-01 1.158083454e-01 1.144046336e-01 1.197471619e-01 1.248293743e-01
 1.374901384e-01 1.504289806e-01 1.613885909e-01 1.709465534e-01 1.795190126e-01
 1.873833388e-01 1.947339922e-01 2.017110288e-01 2.084153146e-01 2.149177194e-01
 2.212655693e-01 2.274872660e-01 2.335960120e-01 2.395924479e-01 2.454668432e-01
 2.512009144e-01 2.567693889e-01 2.621418536e-01 2.672844827e-01 2.721622884e-01
 2.767413556e-01 2.809911072e-01 2.848865688e-01 2.884099484e-01 2.915518582e-01
 2.943115831e-01 2.966967523e-01 2.987224162e-01 3.004094064e-01 3.017827868e-01
 2.269052714e-01 2.233041227e-01 2.194685191e-01 2.153082639e-01 2.107046246e-01
 2.064235955e-01 2.022078336e-01 1.984483898e-01 1.946643888e-01 1.908883154e-01
 1.868516505e-01 1.825823933e-01 1.782741249e-01 1.741725504e-01 1.704201550e-01
 1.670587808e-01 1.641632765e-01 1.617568433e-01 1.598040610e-01 1.583016813e-01
 1.571310609e-01 1.560305803e-01 1.547700464e-01 1.532067508e-01 1.512535810e-01
 1.488453597e-01 1.459206939e-01 1.424205601e-01 1.383197456e-01 1.338273734e-01
 1.303359866e-01 1.292826384e-01 1.300589889e-01 1.335785240e-01 1.390315741e-01
 1.472414434e-01 1.565398127e-01 1.655787677e-01 1.741623878e-01 1.823217720e-01
 1.901278496e-01 1.976542473e-01 2.049663514e-01 2.121176272e-01 2.191487103e-01
 2.260873616e-01 2.329489589e-01 2.397370487e-01 2.464438379e-01 2.530508042e-01
 2.595292926e-01 2.658413648e-01 2.719414830e-01 2.777784765e-01 2.832985222e-01
 2.884490788e-01 2.931825816e-01 2.974606454e-01 3.012570143e-01 3.045597673e-01
 3.073717058e-01 3.097092510e-01 3.116002381e-01 3.130808473e-01 3.141921759e-01
 2.260041982e-01 2.223483473e-01 2.185400725e-01 2.145182044e-01 2.102529854e-01
 2.064508349e-01 2.029656768e-01 1.995792836e-01 1.961633861e-01 1.926336288e-01
 1.890108734e-01 1.853389740e-01 1.816906631e-01 1.781516224e-01 1.747998744e-01
 1.716948301e-01 1.688740402e-01 1.663537919e-01 1.641273498e-01 1.621601134e-01
 1.603881716e-01 1.587250382e-01 1.570802479e-01 1.553796381e-01 1.535744071e-01
 1.516439617e-01 1.496017426e-01 1.475117654e-01 1.455222815e-01 1.439087838e-01
 1.430618316e-01 1.433400810e-01 1.449694783e-01 1.480436325e-01 1.525309980e-01
 1.582506895e-01 1.648624986e-01 1.719812155e-01 1.793335676e-01 1.867710650e-01
 1.942264438e-01 2.016765327e-01 2.091198415e-01 2.165637166e-01 2.240168303e-01
 2.314848602e-01 2.389674187e-01 2.464559824e-01 2.539321184e-01 2.613660693e-01
 2.687153220e-01 2.759242356e-01 2.829242051e-01 2.896359563e-01 2.959735691e-01
 3.018506467e-01 3.071884215e-01 3.119234145e-01 3.160142303e-01 3.194452822e-01
 3.222272694e-01 3.243949115e-01 3.260011375e-01 3.271100223e-01 3.277902007e-01
 2.250727266e-01 2.214768231e-01 2.179193497e-01 2.143685668e-01 2.108263522e-01
 2.074669152e-01 2.042477578e-01 2.010166347e-01 1.977455020e-01 1.944293678e-01
 1.910794973e-01 1.877228916e-01 1.843984276e-01 1.811513454e-01 1.780258864e-01
 1.750597060e-01 1.722807437e-01 1.697043329e-01 1.673321873e-01 1.651530713e-01
 1.631440967e-01 1.612753123e-01 1.595172882e-01 1.578487158e-01 1.562633664e-01
 1.547760516e-01 1.534287929e-01 1.522971391e-01 1.514949501e-01 1.511714309e-01
 1.514935643e-01 1.526169926e-01 1.546540260e-01 1.576574892e-01 1.616099626e-01
 1.664294302e-01 1.719820946e-01 1.781148017e-01 1.846861840e-01 1.915861368e-01
 1.987387389e-01 2.060961276e-01 2.136303186e-01 2.213257402e-01 2.291733027e-01
 2.371656597e-01 2.452933788e-01 2.535414398e-01 2.618857920e-01 2.702894807e-01
 2.786988020e-01 2.870390117e-01 2.952116132e-01 3.030939699e-01 3.105442226e-01
 3.174138665e-01 3.235630691e-01 3.288795948e-01 3.332924247e-01 3.367812932e-01
 3.393774628e-01 3.411551416e-01 3.422189057e-01 3.426872790e-01 3.426771463e-01
 2.236760557e-01 2.200324983e-01 2.168942094e-01 2.140484750e-01 2.112122923e-01
 2.083093077e-01 2.053404748e-01 2.023078799e-01 1.992155015e-01 1.960740238e-01
 1.929011196e-01 1.897209436e-01 1.865624338e-01 1.834569275e-01 1.804355382e-01
 1.775265633e-01 1.747533827e-01 1.721332819e-01 1.696771682e-01 1.673899442e-01
 1.652723700e-01 1.633238346e-01 1.615458876e-01 1.599462927e-01 1.585430950e-01
 1.573679447e-01 1.564682573e-01 1.559076905e-01 1.557638496e-01 1.561189294e-01
 1.570562423e-01 1.586501300e-01 1.609558463e-01 1.640004963e-01 1.677799374e-01
 1.722595543e-01 1.773816645e-01 1.830756068e-01 1.892695278e-01 1.958990246e-01
 2.029119283e-01 2.102693916e-01 2.179445774e-01 2.259200961e-01 2.341851294e-01
 2.427324205e-01 2.515551746e-01 2.606435418e-01 2.699805200e-01 2.795362175e-01
 2.892602384e-01 2.990711331e-01 3.088435232e-01 3.183958829e-01 3.274888099e-01
 3.358429969e-01 3.431884646e-01 3.493091166e-01 3.540775478e-01 3.574666977e-01
 3.595539331e-01 3.605121673e-01 3.605672120e-01 3.599478603e-01 3.588529825e-01
 2.209666669e-01 2.161802053e-01 2.151659280e-01 2.137790769e-01 2.115893811e-01
 2.090832740e-01 2.063818276e-01 2.035391778e-01 2.005898059e-01 1.975620538e-01
 1.944829970e-01 1.913800686e-01 1.882813126e-01 1.852148622e-01 1.822079718e-01
 1.792861968e-01 1.764725744e-01 1.737872362e-01 1.712475270e-01 1.688686013e-01
 1.666646152e-01 1.646504700e-01 1.628439277e-01 1.612681002e-01 1.599537283e-01
 1.589412391e-01 1.582820117e-01 1.580353975e-01 1.582739502e-01 1.590290070e-01
 1.603369266e-01 1.622330844e-01 1.647450477e-01 1.678880602e-01 1.716627330e-01
 1.760554910e-01 1.810409576e-01 1.865863353e-01 1.926560700e-01 1.992161572e-01
 2.062374204e-01 2.136973143e-01 2.215806395e-01 2.298793048e-01 2.385916412e-01
 2.477212697e-01 2.572756708e-01 2.672642171e-01 2.776952982e-01 2.885715961e-01
 2.998819948e-01 3.115861118e-01 3.235850036e-01 3.356650173e-01 3.474160731e-01
 3.582380712e-01 3.675268590e-01 3.748690187e-01 3.800357282e-01 3.829739690e-01
 3.838492930e-01 3.830817342e-01 3.812382818e-01 3.787940145e-01 3.760537505e-01
 2.234224677e-01 2.198117673e-01 2.170811892e-01 2.148507535e-01 2.126310617e-01
 2.102340758e-01 2.076400817e-01 2.048746795e-01 2.019715905e-01 1.989644319e-01
 1.958853007e-01 1.927648335e-01 1.896324753e-01 1.865164042e-01 1.834434867e-01
 1.804391593e-01 1.775272936e-01 1.747304052e-01 1.720698476e-01 1.695664823e-01
 1.672414988e-01 1.651176065e-01 1.632202864e-01 1.615792811e-01 1.602307409e-01
 1.592218429e-01 1.586159319e-01 1.584479511e-01 1.589829624e-01 1.600313783e-01
 1.616104245e-01 1.637389660e-01 1.664340943e-01 1.697067767e-01 1.735604405e-01
 1.779914647e-01 1.829902679e-01 1.885431707e-01 1.946347952e-01 2.012503892e-01
 2.083778680e-01 2.160095572e-01 2.241433859e-01 2.327838540e-01 2.419427186e-01
 2.516396344e-01 2.619028986e-01 2.727702260e-01 2.842900157e-01 2.965223193e-01
 3.095400930e-01 3.234294951e-01 3.382886648e-01 3.542226552e-01 3.712009192e-01
 3.869110644e-01 3.994494974e-01 4.086470604e-01 4.143725038e-01 4.163841009e-01
 4.143178761e-01 4.091252089e-01 4.036936164e-01 3.984314799e-01 3.934507966e-01
 2.230427265e-01 2.184989750e-01 2.174592465e-01 2.162420452e-01 2.142377794e-01
 2.118742317e-01 2.092548311e-01 2.064334750e-01 2.034530640e-01 2.003521770e-01
 1.971662939e-01 1.939282119e-01 1.906684190e-01 1.874154210e-01 1.841960848e-01
 1.810358315e-01 1.779589802e-01 1.749890745e-01 1.721493006e-01 1.694630235e-01
 1.669544578e-01 1.646493227e-01 1.625752300e-01 1.607615352e-01 1.592357457e-01
 1.580248773e-01 1.573717743e-01 1.573120057e-01 1.579137742e-01 1.592268348e-01
 1.610349566e-01 1.633634120e-01 1.662325114e-01 1.696522981e-01 1.736281365e-01
 1.781615466e-01 1.832510680e-01 1.888934374e-01 1.950848252e-01 2.018221915e-01
 2.091048956e-01 2.169361115e-01 2.253242284e-01 2.342843563e-01 2.438398749e-01
 2.540244758e-01 2.648845911e-01 2.764829993e-01 2.889038920e-01 3.022606373e-01
 3.167079091e-01 3.324617147e-01 3.498328328e-01 3.692647815e-01 3.910644949e-01
 4.123832584e-01 4.273003340e-01 4.393908382e-01 4.459132552e-01 4.474875628e-01
 4.446395040e-01 4.349609911e-01 4.252595603e-01 4.167971610e-01 4.094198346e-01
 2.274347544e-01 2.239381522e-01 2.212813049e-01 2.190404832e-01 2.167154551e-01
 2.141408175e-01 2.113161236e-01 2.082816809e-01 2.050826103e-01 2.017607540e-01
 1.983533502e-01 1.948935986e-01 1.914114952e-01 1.879344881e-01 1.844882369e-01
 1.810970456e-01 1.777843833e-01 1.745732128e-01 1.714865416e-01 1.685478539e-01
 1.657819748e-01 1.632159651e-01 1.608817279e-01 1.588190347e-01 1.570347995e-01
 1.557637900e-01 1.550541967e-01 1.549520492e-01 1.555034369e-01 1.567506939e-01
 1.587323844e-01 1.612156481e-01 1.642487049e-01 1.678254158e-01 1.719461680e-01
 1.766145229e-01 1.818335652e-01 1.876054853e-01 1.939326823e-01 2.008187026e-01
 2.082692981e-01 2.162937820e-01 2.249062807e-01 2.341274321e-01 2.439861447e-01
 2.545220553e-01 2.657885850e-01 2.778573334e-01 2.908242046e-01 3.048180938e-01
 3.200141787e-01 3.366532326e-01 3.550710082e-01 3.757404983e-01 3.992365002e-01
 4.239816964e-01 4.416127504e-01 4.555906058e-01 4.641325473e-01 4.663232267e-01
 4.649658501e-01 4.546387494e-01 4.420631826e-01 4.310731292e-01 4.218672514e-01
 2.300184220e-01 2.260096669e-01 2.242221534e-01 2.224856168e-01 2.199873775e-01
 2.170587033e-01 2.138411105e-01 2.104176283e-01 2.068461925e-01 2.031708211e-01
 1.994269192e-01 1.956443787e-01 1.918494701e-01 1.880661398e-01 1.843168139e-01
 1.806229800e-01 1.770055890e-01 1.734854430e-01 1.700833887e-01 1.668205410e-01
 1.637181640e-01 1.607978642e-01 1.580788195e-01 1.557609588e-01 1.538809538e-01
 1.525049508e-01 1.516847461e-01 1.514653116e-01 1.518860311e-01 1.529799253e-01
 1.547714770e-01 1.572672576e-01 1.605220139e-01 1.642785520e-01 1.685586422e-01
 1.733785868e-01 1.787452399e-01 1.846639812e-01 1.911398769e-01 1.981790215e-01
 2.057894021e-01 2.139818817e-01 2.227712423e-01 2.321774959e-01 2.422274649e-01
 2.529566288e-01 2.644115984e-01 2.766531706e-01 2.897603810e-01 3.038358390e-01
 3.190124333e-01 3.354614078e-01 3.534008861e-01 3.731043637e-01 3.949330152e-01
 4.194213151e-01 4.418418109e-01 4.545408786e-01 4.671382904e-01 4.694516361e-01
 4.701036215e-01 4.639701545e-01 4.506039322e-01 4.386102855e-01 4.288480878e-01
 2.370328456e-01 2.338120192e-01 2.308302075e-01 2.277569026e-01 2.243390232e-01
 2.206377089e-01 2.167487145e-01 2.127358764e-01 2.086402178e-01 2.044907510e-01
 2.003104538e-01 1.961191595e-01 1.919350475e-01 1.877755225e-01 1.836576611e-01
 1.795985401e-01 1.756154746e-01 1.717261076e-01 1.679485887e-01 1.643013358e-01
 1.608036310e-01 1.574734598e-01 1.545101106e-01 1.519699693e-01 1.499010623e-01
 1.483499706e-01 1.473601460e-01 1.469712854e-01 1.472194791e-01 1.481374204e-01
 1.497545391e-01 1.520991176e-01 1.552036702e-01 1.590983123e-01 1.635055691e-01
 1.684753448e-01 1.739973426e-01 1.800700873e-01 1.866978407e-01 1.938865334e-01
 2.016430050e-01 2.099759578e-01 2.188965678e-01 2.284191995e-01 2.385623306e-01
 2.493494750e-01 2.608101964e-01 2.729811370e-01 2.859069407e-01 2.996411324e-01
 3.142459393e-01 3.297914565e-01 3.463528454e-01 3.640069365e-01 3.828401268e-01
 4.030885995e-01 4.261116981e-01 4.400540590e-01 4.491809011e-01 4.593756497e-01
 4.563346506e-01 4.593802392e-01 4.477554262e-01 4.370021820e-01 4.291134477e-01
 2.457967550e-01 2.432891279e-01 2.391338200e-01 2.342129946e-01 2.292849571e-01
 2.244564146e-01 2.196908742e-01 2.149589807e-01 2.102471143e-01 2.055513561e-01
 2.008733153e-01 1.962180734e-01 1.915930659e-01 1.870074719e-01 1.824719459e-01
 1.779984236e-01 1.736000180e-01 1.692909747e-01 1.650865525e-01 1.610033065e-01
 1.570572257e-01 1.534407288e-01 1.502142698e-01 1.474289149e-01 1.451299489e-01
 1.433591694e-01 1.421554386e-01 1.415550113e-01 1.415916085e-01 1.422964633e-01
 1.436982006e-01 1.458225400e-01 1.486915052e-01 1.523198336e-01 1.567041278e-01
 1.618973911e-01 1.676014661e-01 1.738377512e-01 1.806219071e-01 1.879595965e-01
 1.958552003e-01 2.043129355e-01 2.133376598e-01 2.229352891e-01 2.331128418e-01
 2.438784838e-01 2.552412153e-01 2.672100961e-01 2.797927856e-01 2.929929197e-01
 3.068055212e-01 3.212093115e-01 3.361538648e-01 3.515363634e-01 3.671554625e-01
 3.826023936e-01 3.970718085e-01 4.093745053e-01 4.190278054e-01 4.259517789e-01
 4.299024641e-01 4.312828183e-01 4.301247895e-01 4.274042844e-01 4.241896867e-01
 2.545253337e-01 2.532063723e-01 2.465661317e-01 2.394978553e-01 2.333651334e-01
 2.276218385e-01 2.220894843e-01 2.166903615e-01 2.113831639e-01 2.061443031e-01
 2.009606361e-01 1.958258748e-01 1.907385439e-01 1.857007593e-01 1.807173789e-01
 1.757955402e-01 1.709444225e-01 1.661750376e-01 1.615006924e-01 1.569347530e-01
 1.526594758e-01 1.487392336e-01 1.452272237e-01 1.421699971e-01 1.396094560e-01
 1.375842989e-01 1.361309141e-01 1.352836489e-01 1.350749731e-01 1.355353743e-01
 1.366932244e-01 1.385745704e-01 1.412030309e-01 1.445998401e-01 1.487864107e-01
 1.537897736e-01 1.596358121e-01 1.660037190e-01 1.729439051e-01 1.804391890e-01
 1.884816736e-01 1.970688254e-01 2.061985135e-01 2.158674448e-01 2.260711790e-01
 2.368034422e-01 2.480549961e-01 2.598120571e-01 2.720537185e-01 2.847481668e-01
 2.978472114e-01 3.112784325e-01 3.249335288e-01 3.386527598e-01 3.522047996e-01
 3.652705550e-01 3.774500191e-01 3.883575201e-01 3.976762295e-01 4.052067994e-01
 4.109246134e-01 4.148669243e-01 4.172717333e-01 4.184282422e-01 4.186865390e-01
 2.550429404e-01 2.527127564e-01 2.480770647e-01 2.420814633e-01 2.357940674e-01
 2.295946032e-01 2.235444784e-01 2.176283002e-01 2.118198276e-01 2.060965002e-01
 2.004419118e-01 1.948453039e-01 1.893006861e-01 1.838059276e-01 1.783619672e-01
 1.729722470e-01 1.676423401e-01 1.623803079e-01 1.571974904e-01 1.522638499e-01
 1.476482600e-01 1.434066892e-01 1.395871491e-01 1.362321973e-01 1.333809048e-01
 1.310700476e-01 1.293347180e-01 1.282085777e-01 1.277238578e-01 1.279111653e-01
 1.287992001e-01 1.304144413e-01 1.327808798e-01 1.359198540e-01 1.398495436e-01
 1.445842535e-01 1.501307935e-01 1.564753800e-01 1.636692286e-01 1.713687629e-01
 1.795882284e-01 1.883341073e-01 1.975996197e-01 2.073741258e-01 2.176436633e-01
 2.283908576e-01 2.395938337e-01 2.512242497e-01 2.632448971e-01 2.756064832e-01
 2.882438600e-01 3.010709583e-01 3.139757514e-01 3.268149495e-01 3.394118547e-01
 3.515599073e-01 3.630375862e-01 3.736258149e-01 3.831437528e-01 3.914679288e-01
 3.985297978e-01 4.043445885e-01 4.089716971e-01 4.125314950e-01 4.151618183e-01
 2.612592876e-01 2.601545751e-01 2.519338131e-01 2.439332754e-01 2.369990200e-01
 2.303907275e-01 2.239604741e-01 2.176565528e-01 2.114493847e-01 2.053176910e-01
 1.992458403e-01 1.932229102e-01 1.872421056e-01 1.813001037e-01 1.753962636e-01
 1.695317179e-01 1.637076885e-01 1.579220444e-01 1.523366421e-01 1.470295638e-01
 1.420607716e-01 1.374799758e-01 1.333304048e-01 1.296514719e-01 1.264803410e-01
 1.238528341e-01 1.218038425e-01 1.203674153e-01 1.195765733e-01 1.194629594e-01
 1.200564205e-01 1.213845536e-01 1.234722808e-01 1.263414919e-01 1.300108135e-01
 1.344955266e-01 1.398077607e-01 1.459597200e-01 1.529703289e-01 1.608564705e-01
 1.692508160e-01 1.781942993e-01 1.876523942e-01 1.975985169e-01 2.080100029e-01
 2.188627272e-01 2.301282287e-01 2.417718172e-01 2.537505925e-01 2.660112976e-01
 2.784882486e-01 2.911010385e-01 3.037528992e-01 3.163298368e-01 3.287019133e-01
 3.407271803e-01 3.522586227e-01 3.631552755e-01 3.732905686e-01 3.825615645e-01
 3.908978700e-01 3.982573747e-01 4.046320617e-01 4.100354909e-01 4.145002067e-01
 2.571430206e-01 2.546240390e-01 2.497613728e-01 2.434491217e-01 2.367260903e-01
 2.299988866e-01 2.233504653e-01 2.167791575e-01 2.102683187e-01 2.038019449e-01
 1.973677576e-01 1.909573674e-01 1.845659763e-01 1.781920344e-01 1.718370318e-01
 1.655055582e-01 1.592059285e-01 1.529556811e-01 1.469582468e-01 1.412680000e-01
 1.359323710e-01 1.309934855e-01 1.264902354e-01 1.224597394e-01 1.189383268e-01
 1.159620435e-01 1.135667190e-01 1.117878408e-01 1.106601879e-01 1.102173850e-01
 1.104913280e-01 1.115115955e-01 1.133048608e-01 1.158943996e-01 1.192996352e-01
 1.235358939e-01 1.286143660e-01 1.345418543e-01 1.413204671e-01 1.489438563e-01
 1.573832184e-01 1.666805000e-01 1.764384955e-01 1.866520643e-01 1.973050236e-01
 2.083753645e-01 2.198356092e-01 2.316514254e-01 2.437812538e-01 2.561754883e-01
 2.687755526e-01 2.815133333e-01 2.943105102e-01 3.070789575e-01 3.197215796e-01
 3.321346342e-01 3.442107440e-01 3.558422626e-01 3.669255376e-01 3.773638905e-01
 3.870690167e-01 3.959634901e-01 4.039795100e-01 4.110610486e-01 4.171640276e-01
 2.609467804e-01 2.595178782e-01 2.508265674e-01 2.426138073e-01 2.354841083e-01
 2.286164611e-01 2.218379229e-01 2.150924653e-01 2.083559036e-01 2.016154081e-01
 1.948635876e-01 1.880965233e-01 1.813129783e-01 1.745141894e-01 1.677039117e-01
 1.608887464e-01 1.540776789e-01 1.474474817e-01 1.410718262e-01 1.350060701e-01
 1.292955876e-01 1.239805594e-01 1.190988198e-01 1.146874278e-01 1.107835025e-01
 1.074246019e-01 1.046486273e-01 1.024935544e-01 1.009969264e-01 1.001953035e-01
 1.001235322e-01 1.008140743e-01 1.022963151e-01 1.045958400e-01 1.077339277e-01
 1.117270216e-01 1.165865511e-01 1.223189607e-01 1.289260835e-01 1.364059598e-01
 1.447568983e-01 1.539845616e-01 1.640897393e-01 1.746404916e-01 1.856236756e-01
 1.970208883e-01 2.088063210e-01 2.209485769e-01 2.334100306e-01 2.461476178e-01
 2.591125965e-01 2.722505628e-01 2.855012119e-01 2.987983525e-01 3.120701015e-01
 3.252393305e-01 3.382238149e-01 3.509365916e-01 3.632853031e-01 3.751712143e-01
 3.864878118e-01 3.971190453e-01 4.069400131e-01 4.158200323e-01 4.236306549e-01
 2.534642517e-01 2.504641414e-01 2.455708385e-01 2.395101190e-01 2.330172807e-01
 2.263588607e-01 2.196033746e-01 2.127689272e-01 2.058617026e-01 1.988849640e-01
 1.918412894e-01 1.847333759e-01 1.775644422e-01 1.703385264e-01 1.630610973e-01
 1.557403505e-01 1.485308409e-01 1.415153891e-01 1.347563565e-01 1.283035428e-01
 1.221996024e-01 1.164837331e-01 1.111939847e-01 1.063686460e-01 1.020468771e-01
 9.826886648e-02 9.507563713e-02 9.250864392e-02 9.060911834e-02 8.941742030e-02
 8.897221836e-02 8.930969983e-02 9.046277401e-02 9.246025977e-02 9.532622251e-02
 9.907935554e-02 1.037326008e-01 1.092930436e-01 1.157623157e-01 1.231376826e-01
 1.314138026e-01 1.405855567e-01 1.506500691e-01 1.616025865e-01 1.729981602e-01
 1.848213225e-01 1.970534771e-01 2.096626609e-01 2.226142287e-01 2.358713597e-01
 2.493956983e-01 2.631469667e-01 2.770826220e-01 2.911576033e-01 3.053236008e-01
 3.195283114e-01 3.337140679e-01 3.478153645e-01 3.617551029e-01 3.754390777e-01
 3.887483180e-01 4.015305340e-01 4.135929049e-01 4.247020186e-01 4.345988631e-01
 2.506350577e-01 2.473569661e-01 2.424501330e-01 2.365822047e-01 2.303028703e-01
 2.237546295e-01 2.169982642e-01 2.100698948e-01 2.029921710e-01 1.957801133e-01
 1.884444356e-01 1.809934229e-01 1.734336168e-01 1.657698452e-01 1.580038369e-01
 1.502673477e-01 1.426581442e-01 1.352466643e-01 1.280872673e-01 1.212249920e-01
 1.147002727e-01 1.085519716e-01 1.028192267e-01 9.754248714e-02 9.276390079e-02
 8.852726221e-02 8.487765494e-02 8.186091477e-02 7.952285552e-02 7.790844885e-02
 7.706096023e-02 7.702101764e-02 7.782570267e-02 7.950770858e-02 8.209452039e-02
 8.560770011e-02 9.006233516e-02 9.546665847e-02 1.018220261e-01 1.091233343e-01
 1.173601895e-01 1.265186667e-01 1.365837305e-01 1.475437730e-01 1.593905687e-01
 1.717284619e-01 1.845276207e-01 1.977362484e-01 2.113150358e-01 2.252329737e-01
 2.394627034e-01 2.539792956e-01 2.687593699e-01 2.837803662e-01 2.990201115e-01
 3.144556581e-01 3.300613761e-01 3.458059431e-01 3.616465926e-01 3.775201142e-01
 3.933280707e-01 4.089133144e-01 4.240258038e-01 4.382841588e-01 4.511687160e-01
 2.490221411e-01 2.456512302e-01 2.403530329e-01 2.342250943e-01 2.278438211e-01
 2.212114334e-01 2.143391073e-01 2.072468102e-01 1.999534667e-01 1.924749911e-01
 1.848245710e-01 1.770134419e-01 1.690519899e-01 1.609514058e-01 1.527285427e-01
 1.445688904e-01 1.365472823e-01 1.287211627e-01 1.211370825e-01 1.138360128e-01
 1.068569049e-01 1.002390757e-01 9.402354807e-02 8.825376631e-02 8.297570795e-02
 7.823766765e-02 7.408972824e-02 7.058303797e-02 6.776893139e-02 6.569792327e-02
 6.441865122e-02 6.397687638e-02 6.441438949e-02 6.576810026e-02 6.806917494e-02
 7.134224472e-02 7.560480392e-02 8.086659756e-02 8.712931722e-02 9.438644347e-02
 1.026235074e-01 1.118189469e-01 1.219455078e-01 1.329716295e-01 1.448628157e-01
 1.575752944e-01 1.711466163e-01 1.851000637e-01 1.994252652e-01 2.141076177e-01
 2.291366756e-01 2.445058375e-01 2.602127791e-01 2.762597501e-01 2.926538289e-01
 3.094071150e-01 3.265364170e-01 3.440620899e-01 3.620050549e-01 3.803807498e-01
 3.991875053e-01 4.183828235e-01 4.378318191e-01 4.571549893e-01 4.752540291e-01
 2.470273673e-01 2.433014214e-01 2.381799966e-01 2.321482748e-01 2.256656289e-01
 2.188685834e-01 2.117965519e-01 2.044700235e-01 1.969049722e-01 1.891152412e-01
 1.811129153e-01 1.729082465e-01 1.645092517e-01 1.559202075e-01 1.472889036e-01
 1.387172490e-01 1.302751154e-01 1.220144406e-01 1.139779165e-01 1.062045843e-01
 9.873325375e-02 9.160465005e-02 8.486248550e-02 7.855395228e-02 7.272969930e-02
 6.744344534e-02 6.275129315e-02 5.871088058e-02 5.538025501e-02 5.281668159e-02
 5.107531697e-02 5.020790923e-02 5.026153475e-02 5.127752198e-02 5.329054588e-02
 5.632793900e-02 6.040913984e-02 6.554528320e-02 7.173880941e-02 7.898315045e-02
 8.726270500e-02 9.655320647e-02 1.068231166e-01 1.180364341e-01 1.301573812e-01
 1.431587190e-01 1.570350080e-01 1.717887371e-01 1.869169921e-01 2.024095207e-01
 2.182687968e-01 2.345059514e-01 2.511388957e-01 2.681934833e-01 2.857053875e-01
 3.037225306e-01 3.223076463e-01 3.415415882e-01 3.615269959e-01 3.823932112e-01
 4.043025970e-01 4.274603427e-01 4.521301389e-01 4.786658584e-01 5.061452985e-01
 2.468668670e-01 2.432637513e-01 2.373112887e-01 2.306625843e-01 2.238704264e-01
 2.168137282e-01 2.094721645e-01 2.018513679e-01 1.939623803e-01 1.858167648e-01
 1.774254590e-01 1.687989384e-01 1.599486619e-01 1.508934349e-01 1.418251097e-01
 1.328198314e-01 1.239334941e-01 1.152101531e-01 1.066883504e-01 9.840549526e-02
 9.040072557e-02 8.271661402e-02 7.540004703e-02 6.850253794e-02 6.208014114e-02
 5.619294196e-02 5.090434849e-02 4.628000408e-02 4.238648711e-02 3.928972410e-02
 3.705322000e-02 3.573626278e-02 3.539218752e-02 3.606696053e-02 3.779820351e-02
 4.061465341e-02 4.453605042e-02 4.957321286e-02 5.572813380e-02 6.299392885e-02
 7.135471702e-02 8.078566194e-02 9.125361592e-02 1.027191430e-01 1.151404976e-01
 1.284797490e-01 1.427102090e-01 1.578214020e-01 1.738058924e-01 1.901061982e-01
 2.067659050e-01 2.238176167e-01 2.412960381e-01 2.592443227e-01 2.777190209e-01
 2.967947721e-01 3.165698350e-01 3.371731639e-01 3.587739467e-01 3.815953135e-01
 4.059341848e-01 4.321934581e-01 4.609476924e-01 4.932231903e-01 5.337206126e-01
 2.452811599e-01 2.411951572e-01 2.357606590e-01 2.293596864e-01 2.224158943e-01
 2.150912136e-01 2.074353397e-01 1.994699985e-01 1.912094504e-01 1.826647371e-01
 1.738444269e-01 1.647543758e-01 1.553970426e-01 1.459145397e-01 1.364126951e-01
 1.269608885e-01 1.176082045e-01 1.083936840e-01 9.935289623e-02 9.052216265e-02
 8.194112030e-02 7.365427914e-02 6.571178135e-02 5.816973002e-02 5.109010263e-02
 4.454035683e-02 3.859268871e-02 3.332292291e-02 2.880890292e-02 2.512839437e-02
 2.235653254e-02 2.056303436e-02 1.980949569e-02 2.014720814e-02 2.161583860e-02
 2.424314989e-02 2.804565616e-02 3.302984311e-02 3.919344024e-02 4.652629417e-02
 5.501063541e-02 6.462084502e-02 7.532327616e-02 8.707696205e-02 9.983626750e-02
 1.135566681e-01 1.282046586e-01 1.437725276e-01 1.603008807e-01 1.772635281e-01
 1.946159602e-01 2.123706490e-01 2.305553406e-01 2.492136508e-01 2.684071959e-01
 2.882194221e-01 3.087609709e-01 3.301777243e-01 3.526617289e-01 3.764665723e-01
 4.019280076e-01 4.294900596e-01 4.597336948e-01 4.934286774e-01 5.319104195e-01
 2.467542440e-01 2.429639250e-01 2.361778170e-01 2.288904190e-01 2.215006649e-01
 2.137935013e-01 2.057512701e-01 1.973852962e-01 1.887079626e-01 1.797285080e-01
 1.704537272e-01 1.608901024e-01 1.510479152e-01 1.411091387e-01 1.311532259e-01
 1.212341487e-01 1.113913879e-01 1.016580388e-01 9.206623587e-02 8.265073595e-02
 7.345116882e-02 6.451340021e-02 5.589032547e-02 4.764232411e-02 3.983743863e-02
 3.255128117e-02 2.586662027e-02 1.987236364e-02 1.466176006e-02 1.032955109e-02
 6.968098722e-03 4.662791733e-03 3.487388138e-03 3.500205261e-03 4.741988581e-03
 7.235877667e-03 1.098934187e-02 1.599744524e-02 2.224643715e-02 2.971661466e-02
 3.838372606e-02 4.821880163e-02 5.918691683e-02 7.124590123e-02 8.434624222e-02
 9.843354672e-02 1.134544983e-01 1.293664276e-01 1.461479217e-01 1.638020872e-01
 1.818138062e-01 2.001847326e-01 2.189351320e-01 2.381023467e-01 2.577410936e-01
 2.779256105e-01 2.987535000e-01 3.203514517e-01 3.428835869e-01 3.665638566e-01
 3.916741311e-01 4.185916483e-01 4.478237628e-01 4.799503981e-01 5.143041014e-01
 2.459366173e-01 2.416054904e-01 2.357705683e-01 2.287753969e-01 2.210801393e-01
 2.129357606e-01 2.044368982e-01 1.956156641e-01 1.864823550e-01 1.770388633e-01
 1.672827304e-01 1.572082490e-01 1.469214261e-01 1.365364641e-01 1.261231005e-01
 1.157260090e-01 1.053772569e-01 9.510450068e-02 8.493616435e-02 7.490468022e-02
 6.504857539e-02 5.541383103e-02 4.605479164e-02 3.703501449e-02 2.842801997e-02
 2.031799035e-02 1.280015055e-02 5.980367314e-03-2.666299406e-05-5.101330593e-03
-9.125332333e-03-1.198945285e-02-1.360172128e-02-1.389403640e-02-1.282556540e-02
-1.038243528e-02-6.574039799e-03-1.426764968e-03 5.023439866e-03 1.273742694e-02
 2.167671736e-02 3.180424495e-02 4.308221491e-02 5.546841773e-02 6.891287115e-02
 8.335658160e-02 9.873394662e-02 1.149797738e-01 1.320410371e-01 1.498917342e-01
 1.685430557e-01 1.874625236e-01 2.066567242e-01 2.261523157e-01 2.459903359e-01
 2.662239075e-01 2.869189084e-01 3.081556559e-01 3.300311565e-01 3.526618480e-01
 3.761873842e-01 4.007780253e-01 4.266546964e-01 4.541446268e-01 4.833846987e-01
 2.498653233e-01 2.461944669e-01 2.386540770e-01 2.299361229e-01 2.212673724e-01
 2.124626488e-01 2.034263015e-01 1.941192299e-01 1.845210045e-01 1.746172756e-01
 1.643955856e-01 1.538441479e-01 1.431075633e-01 1.322768480e-01 1.214061156e-01
 1.105287745e-01 9.966867420e-02 8.884729448e-02 7.808832081e-02 6.742052737e-02
 5.687964337e-02 4.650971663e-02 3.636439145e-02 2.650835550e-02 1.701922716e-02
 7.989769801e-03-4.699524216e-04-8.231453583e-03-1.514941268e-02-2.106763610e-02
-2.583047192e-02-2.929618582e-02-3.135076912e-02-3.191737831e-02-3.095798938e-02
-2.847107871e-02-2.448750290e-02-1.906353797e-02-1.226852184e-02-4.173521869e-03
 5.157261156e-03 1.567072046e-02 2.732270399e-02 4.007179290e-02 5.387197065e-02
 6.866700201e-02 8.438881484e-02 1.009613275e-01 1.183102205e-01 1.363776922e-01
 1.551383287e-01 1.745944321e-01 1.941397488e-01 2.138237805e-01 2.336806357e-01
 2.537402808e-01 2.740313708e-01 2.945806085e-01 3.154090643e-01 3.365248740e-01
 3.579085767e-01 3.794847130e-01 4.010618030e-01 4.222069681e-01 4.420554042e-01
 2.500440478e-01 2.459895760e-01 2.388960421e-01 2.302668393e-01 2.212488949e-01
 2.120071202e-01 2.025312781e-01 1.927947849e-01 1.827733219e-01 1.724462658e-01
 1.617956460e-01 1.508062035e-01 1.396468878e-01 1.283915788e-01 1.170808301e-01
 1.057375744e-01 9.437748790e-02 8.301536736e-02 7.166919111e-02 6.036251785e-02
 4.912624137e-02 3.800000622e-02 2.703398465e-02 1.629145445e-02 5.852600108e-03
-4.180324271e-03-1.367711648e-02-2.247511596e-02-3.038001995e-02-3.717680645e-02
-4.266368595e-02-4.667861387e-02-4.910814019e-02-4.988604036e-02-4.898696023e-02
-4.641963911e-02-4.222238062e-02-3.646126392e-02-2.922894248e-02-2.063865957e-02
-1.080167480e-02 1.963100076e-04 1.229485127e-02 2.545013836e-02 3.962235524e-02
 5.476420745e-02 7.081421463e-02 8.769685030e-02 1.053307504e-01 1.236455068e-01
 1.426066608e-01 1.622489542e-01 1.819656045e-01 2.017126977e-01 2.214789540e-01
 2.412597983e-01 2.610479891e-01 2.808272838e-01 3.005653619e-01 3.202043771e-01
 3.396467865e-01 3.587356210e-01 3.772288859e-01 3.947768211e-01 4.109255671e-01
 2.508857846e-01 2.468583733e-01 2.394017428e-01 2.303807884e-01 2.210392952e-01
 2.114740163e-01 2.016630321e-01 1.915807277e-01 1.812033802e-01 1.705098301e-01
 1.594824940e-01 1.481123417e-01 1.365791857e-01 1.249414235e-01 1.132281795e-01
 1.014535054e-01 8.962562683e-02 7.775270194e-02 6.584629419e-02 5.392350628e-02
 4.200851545e-02 3.013423084e-02 1.834489405e-02 6.700503160e-03-4.715833340e-03
-1.578686947e-02-2.634694242e-02-3.616812077e-02-4.497522862e-02-5.250471455e-02
-5.854256822e-02-6.293857099e-02-6.560384484e-02-6.649925561e-02-6.562128662e-02
-6.299033758e-02-5.864478648e-02-5.264171584e-02-4.506294054e-02-3.602163118e-02
-2.566080166e-02-1.413066502e-02-1.538882134e-03 1.205262731e-02 2.660497651e-02
 4.208080101e-02 5.842932689e-02 7.558025417e-02 9.344691038e-02 1.119379774e-01
 1.309752315e-01 1.505101472e-01 1.705188155e-01 1.903561652e-01 2.100356669e-01
 2.295495570e-01 2.488758862e-01 2.679782808e-01 2.868024409e-01 3.052706420e-01
 3.232752979e-01 3.406723141e-01 3.572771549e-01 3.728674352e-01 3.871971071e-01
 2.512873411e-01 2.472633868e-01 2.395191490e-01 2.302217334e-01 2.206651419e-01
 2.108777910e-01 2.008242458e-01 1.904779672e-01 1.798152775e-01 1.688126624e-01
 1.574455201e-01 1.457890570e-01 1.339539886e-01 1.219949871e-01 1.099356785e-01
 9.778427336e-02 8.554312590e-02 7.321432236e-02 6.080291049e-02 4.831883682e-02
 3.577844798e-02 2.320655064e-02 1.064030825e-02-1.863250502e-03-1.421369611e-02
-2.626496553e-02-3.778335081e-02-4.844824228e-02-5.793077125e-02-6.595319507e-02
-7.231600586e-02-7.690040769e-02-7.965507358e-02-8.057586850e-02-7.968534526e-02
-7.701706140e-02-7.260774073e-02-6.649877132e-02-5.874643473e-02-4.943741110e-02
-3.870204833e-02-2.671298570e-02-1.365101524e-02 3.662631643e-04 1.528340482e-02
 3.106709567e-02 4.767783731e-02 6.505516917e-02 8.311568943e-02 1.017625257e-01
 1.209049225e-01 1.404865086e-01 1.605204194e-01 1.803783327e-01 1.999787241e-01
 2.192825675e-01 2.382529378e-01 2.568451166e-01 2.750013471e-01 2.926473618e-01
 3.096903563e-01 3.260179758e-01 3.415002227e-01 3.559945523e-01 3.693551123e-01
 2.504314781e-01 2.460903526e-01 2.387595475e-01 2.297515422e-01 2.201798856e-01
 2.102777064e-01 2.000670135e-01 1.895356923e-01 1.786651611e-01 1.674346327e-01
 1.558219940e-01 1.439283192e-01 1.318503469e-01 1.196339055e-01 1.072960198e-01
 9.483925997e-02 8.226055650e-02 6.955635551e-02 5.672550201e-02 4.377092791e-02
 3.070116416e-02 1.753301174e-02 4.297259744e-03-8.949450210e-03-2.210184000e-02
-3.496603671e-02-4.721837491e-02-5.847530813e-02-6.838434938e-02-7.667475937e-02
-8.317419140e-02-8.780088279e-02-9.054195139e-02-9.142686426e-02-9.050283580e-02
-8.781631290e-02-8.340347557e-02-7.729124277e-02-6.950928269e-02-6.011063234e-02
-4.919481279e-02-3.692193703e-02-2.350047417e-02-9.124785647e-03 6.105857901e-03
 2.214983478e-02 3.897442670e-02 5.652869865e-02 7.473423333e-02 9.348980336e-02
 1.126865670e-01 1.322293877e-01 1.520558447e-01 1.721313447e-01 1.917663216e-01
 2.109661400e-01 2.297129184e-01 2.479718923e-01 2.656939328e-01 2.828165888e-01
 2.992651463e-01 3.149541914e-01 3.297905624e-01 3.436778188e-01 3.565222919e-01
 2.515894175e-01 2.476906329e-01 2.392658591e-01 2.295247763e-01 2.197710127e-01
 2.097774595e-01 1.994667798e-01 1.888138800e-01 1.778027564e-01 1.664162428e-01
 1.546345652e-01 1.425737738e-01 1.303240359e-01 1.179253757e-01 1.053898335e-01
 9.271553907e-02 7.989504933e-02 6.692023572e-02 5.378481747e-02 4.048587751e-02
 2.702549844e-02 1.341404951e-02-3.220864892e-04-1.412382907e-02-2.786611394e-02
-4.129786047e-02-5.402906984e-02-6.564244631e-02-7.577957958e-02-8.418424426e-02
-9.071072936e-02-9.530854224e-02-9.799505769e-02-9.882545473e-02-9.786588697e-02
-9.517332167e-02-9.078472852e-02-8.471722156e-02-7.698026299e-02-6.759862602e-02
-5.664120986e-02-4.424513876e-02-3.061825967e-02-1.599668898e-02-5.387783312e-04
 1.569491812e-02 3.267293049e-02 5.035207049e-02 6.866088512e-02 8.750078824e-02
 1.067603603e-01 1.263387948e-01 1.461742520e-01 1.662693024e-01 1.858897060e-01
 2.050203234e-01 2.236378491e-01 2.417082935e-01 2.591872811e-01 2.760207057e-01
 2.921462059e-01 3.074949979e-01 3.219948113e-01 3.355734050e-01 3.481626808e-01
 2.489288151e-01 2.442286611e-01 2.373636812e-01 2.288545071e-01 2.194259613e-01
 2.094630600e-01 1.990983338e-01 1.883661748e-01 1.772669404e-01 1.657877713e-01
 1.539097428e-01 1.417565346e-01 1.294137686e-01 1.169176250e-01 1.042768732e-01
 9.148668499e-02 7.853679359e-02 6.541609761e-02 5.211506785e-02 3.862714392e-02
 2.495041118e-02 1.109140926e-02-2.925719833e-03-1.703899168e-02-3.110749835e-02
-4.484009744e-02-5.781380458e-02-6.959681214e-02-7.983135433e-02-8.827240762e-02
-9.479115905e-02-9.935560076e-02-1.020004004e-01-1.027952805e-01-1.018171757e-01
-9.912943095e-02-9.477011115e-02-8.875145018e-02-8.107173444e-02-7.173900307e-02
-6.080244109e-02-4.838155210e-02-3.467667476e-02-1.993757859e-02-4.362039734e-03
 1.197096425e-02 2.902837843e-02 4.677174612e-02 6.513520330e-02 8.402405680e-02
 1.033280566e-01 1.229449436e-01 1.428094953e-01 1.629190296e-01 1.825423986e-01
 2.016561627e-01 2.202344984e-01 2.382432520e-01 2.556397617e-01 2.723734677e-01
 2.883871495e-01 3.036187291e-01 3.180039525e-01 3.314793408e-01 3.439859748e-01
 2.532424628e-01 2.497511058e-01 2.402454912e-01 2.297816277e-01 2.197017669e-01
 2.094882727e-01 1.990047843e-01 1.882049590e-01 1.770623177e-01 1.655533016e-01
 1.536539346e-01 1.414875835e-01 1.291366071e-01 1.166348681e-01 1.039894596e-01
 9.119428696e-02 7.823806255e-02 6.510879847e-02 5.179613085e-02 3.829265386e-02
 2.459561080e-02 1.071077678e-02-3.338170696e-03-1.748884284e-02-3.159778193e-02
-4.536784441e-02-5.837183073e-02-7.017637792e-02-8.042418957e-02-8.887208252e-02
-9.539375453e-02-9.995988012e-02-1.026076153e-01-1.034088358e-01-1.024421602e-01
-9.977201372e-02-9.543678910e-02-8.944802731e-02-8.180215955e-02-7.250410318e-02
-6.159894169e-02-4.920193926e-02-3.551055491e-02-2.077542618e-02-5.201574877e-03
 1.112791431e-02 2.818001434e-02 4.591809587e-02 6.427862494e-02 8.316906541e-02
 1.024807542e-01 1.221122965e-01 1.419984400e-01 1.621356010e-01 1.817951650e-01
 2.009525746e-01 2.195819765e-01 2.376490086e-01 2.551106215e-01 2.719153464e-01
 2.880042792e-01 3.033128977e-01 3.177734911e-01 3.313184976e-01 3.438846469e-01
 2.507082224e-01 2.463314682e-01 2.389054746e-01 2.296603918e-01 2.197647542e-01
 2.095458954e-01 1.990478784e-01 1.882557273e-01 1.771435142e-01 1.656834334e-01
 1.538475752e-01 1.417546272e-01 1.294859051e-01 1.170750185e-01 1.045293807e-01
 9.184354547e-02 7.900726052e-02 6.600990146e-02 5.284282936e-02 3.950080276e-02
 2.598352173e-02 1.229915303e-02-1.527406494e-03-1.543642023e-02-2.929694949e-02
-4.284194485e-02-5.566792189e-02-6.735192239e-02-7.753599434e-02-8.596856147e-02
-9.251087157e-02-9.712003171e-02-9.982068837e-02-1.006742865e-01-9.975180775e-02
-9.711325914e-02-9.279625863e-02-8.681561798e-02-7.917501777e-02-6.989002228e-02
-5.901788548e-02-4.668433219e-02-3.309078515e-02-1.847926527e-02-3.029544607e-03
 1.318906434e-02 3.014638275e-02 4.780478403e-02 6.609937550e-02 8.493746819e-02
 1.042120978e-01 1.238255724e-01 1.437183618e-01 1.638944745e-01 1.836229414e-01
 2.028848380e-01 2.216561288e-01 2.399029434e-01 2.575805187e-01 2.746328711e-01
 2.909932434e-01 3.065853715e-01 3.213261664e-01 3.351297379e-01 3.479126990e-01
 2.522412241e-01 2.484904230e-01 2.399073392e-01 2.298180908e-01 2.197535187e-01
 2.095506341e-01 1.991265417e-01 1.884377599e-01 1.774503440e-01 1.661328822e-01
 1.544553042e-01 1.425283700e-01 1.304354221e-01 1.182125136e-01 1.058696732e-01
 9.340428562e-02 8.080916855e-02 6.807722154e-02 5.520389232e-02 4.218870774e-02
 2.903673425e-02 1.576143876e-02 2.391062684e-03-1.101789715e-02-2.435447647e-02
-3.740662338e-02-4.982628301e-02-6.121768431e-02-7.122611253e-02-7.958581297e-02
-8.613380791e-02-9.079951048e-02-9.358109534e-02-9.451769292e-02-9.366386384e-02
-9.107027948e-02-8.677334338e-02-8.079544455e-02-7.315646857e-02-6.389500201e-02
-5.309374631e-02-4.089862854e-02-2.751489542e-02-1.315751951e-02 2.047083573e-03
 1.805108041e-02 3.482642025e-02 5.233107134e-02 7.049570977e-02 8.922617139e-02
 1.084180623e-01 1.279801726e-01 1.478624940e-01 1.680795103e-01 1.879021227e-01
 2.073235214e-01 2.263266742e-01 2.448812574e-01 2.629419863e-01 2.804470360e-01
 2.973169983e-01 3.134547472e-01 3.287472725e-01 3.430705965e-01 3.562983573e-01
 2.501576543e-01 2.459987849e-01 2.384440750e-01 2.291338891e-01 2.193701566e-01
 2.093774676e-01 1.991598309e-01 1.886892319e-01 1.779333353e-01 1.668603718e-01
 1.554403306e-01 1.437731982e-01 1.319476367e-01 1.200051010e-01 1.079607606e-01
 9.581693256e-02 8.357139680e-02 7.122225313e-02 5.877078323e-02 4.622306305e-02
 3.359146418e-02 2.089686132e-02 8.173067130e-03-4.524366937e-03-1.710197702e-02
-2.940124832e-02-4.116051644e-02-5.203690381e-02-6.169283390e-02-6.985206158e-02
-7.632342726e-02-8.100000024e-02-8.384317159e-02-8.486017585e-02-8.408204466e-02
-8.154663444e-02-7.728964835e-02-7.134549320e-02-6.375761330e-02-5.459572748e-02
-4.397344216e-02-3.205473721e-02-1.903271489e-02-5.060164727e-03 9.791913440e-03
 2.549086325e-02 4.200585559e-02 5.928732083e-02 7.726068050e-02 9.583219140e-02
 1.149042696e-01 1.343964934e-01 1.542639881e-01 1.744944155e-01 1.944049299e-01
 2.140178084e-01 2.333312929e-01 2.523244023e-01 2.709565461e-01 2.891643047e-01
 3.068565130e-01 3.239094615e-01 3.401635885e-01 3.554261029e-01 3.694829345e-01
 2.492946089e-01 2.453511059e-01 2.375951410e-01 2.282433659e-01 2.186967433e-01
 2.090061754e-01 1.991166323e-01 1.889828592e-01 1.785684675e-01 1.678423435e-01
 1.567766368e-01 1.454574168e-01 1.339825242e-01 1.224020422e-01 1.107387394e-01
 9.900174296e-02 8.719514312e-02 7.532335819e-02 6.339424850e-02 5.142112823e-02
 3.942425920e-02 2.743261866e-02 1.548688857e-02 3.644716468e-03-8.010333397e-03
-1.935499721e-02-3.020780720e-02-4.031286389e-02-4.937605933e-02-5.712758750e-02
-6.335639209e-02-6.792075932e-02-7.074259966e-02-7.179305702e-02-7.107611001e-02
-6.861522793e-02-6.444627791e-02-5.861809849e-02-5.119974165e-02-4.229066893e-02
-3.202629462e-02-2.056686581e-02-8.052659228e-03 5.436230917e-03 1.985820569e-02
 3.518288955e-02 5.137111247e-02 6.836470961e-02 8.608669043e-02 1.044514924e-01
 1.233846843e-01 1.428509951e-01 1.628878862e-01 1.828766763e-01 2.027697563e-01
 2.225550860e-01 2.422268987e-01 2.617740035e-01 2.811713815e-01 3.003709614e-01
 3.192892969e-01 3.377903402e-01 3.556642234e-01 3.726093471e-01 3.882386088e-01
 2.470237463e-01 2.431036830e-01 2.355587781e-01 2.266256660e-01 2.175935656e-01
 2.084153891e-01 1.990109831e-01 1.893379540e-01 1.793693006e-01 1.690829843e-01
 1.584578753e-01 1.475602984e-01 1.365038752e-01 1.253507584e-01 1.141332834e-01
 1.028685569e-01 9.156766534e-02 8.024156097e-02 6.890457871e-02 5.757676065e-02
 4.628543554e-02 3.506676109e-02 2.396772056e-02 1.304920577e-02 2.390675250e-03
-7.903359832e-03-1.769569144e-02-2.681005001e-02-3.503105789e-02-4.212581739e-02
-4.788622260e-02-5.215105787e-02-5.481173471e-02-5.580787734e-02-5.511842668e-02
-5.275311321e-02-4.874722660e-02-4.316063597e-02-3.607940302e-02-2.761534416e-02
-1.789550856e-02-7.028954111e-03 4.909963813e-03 1.787357219e-02 3.182638064e-02
 4.673057422e-02 6.253590435e-02 7.917635888e-02 9.657453745e-02 1.146536022e-01
 1.333543956e-01 1.526518315e-01 1.725530028e-01 1.924291849e-01 2.123299092e-01
 2.322898656e-01 2.523391843e-01 2.725046575e-01 2.928071916e-01 3.132550717e-01
 3.338310719e-01 3.544673026e-01 3.749921620e-01 3.950193524e-01 4.137809873e-01
 2.420163900e-01 2.375045419e-01 2.314491421e-01 2.241904140e-01 2.162134796e-01
 2.077768593e-01 1.989774108e-01 1.898470074e-01 1.803934575e-01 1.706153453e-01
 1.605085135e-01 1.500719786e-01 1.394789368e-01 1.287989467e-01 1.180726588e-01
 1.073248535e-01 9.657345715e-02 8.583549412e-02 7.513094696e-02 6.448526678e-02
 5.393105745e-02 4.350948707e-02 3.327165172e-02 2.328037098e-02 1.361250691e-02
 4.361828791e-03-4.358048552e-03-1.241190545e-02-1.964431070e-02-2.588682808e-02
-3.097056225e-02-3.474325687e-02-3.708701209e-02-3.792436049e-02-3.721733018e-02
-3.496382013e-02-3.119378351e-02-2.596530689e-02-1.935755461e-02-1.145485882e-02
-2.333959324e-03 7.942362696e-03 1.932572573e-02 3.177617118e-02 4.525368661e-02
 5.971065536e-02 7.508797944e-02 9.131687135e-02 1.083276570e-01 1.260662526e-01
 1.445190012e-01 1.637418866e-01 1.831504703e-01 2.027292103e-01 2.225050181e-01
 2.425240576e-01 2.628461123e-01 2.835438549e-01 3.047039509e-01 3.264287412e-01
 3.488391042e-01 3.720800579e-01 3.963372707e-01 4.218849838e-01 4.488395751e-01
 2.417666316e-01 2.378427833e-01 2.305969596e-01 2.230540067e-01 2.154484242e-01
 2.075192332e-01 1.992460638e-01 1.906378120e-01 1.817025989e-01 1.724436730e-01
 1.628598720e-01 1.529470533e-01 1.428621411e-01 1.326907426e-01 1.224857420e-01
 1.122813523e-01 1.021027789e-01 9.197279067e-02 8.191601929e-02 7.196176800e-02
 6.214582548e-02 5.251179262e-02 4.311209919e-02 3.400897609e-02 2.527550049e-02
 1.699661277e-02 9.269883860e-03 2.205405850e-03-4.075947217e-03-9.446710346e-03
-1.377968677e-02-1.695701853e-02-1.887972653e-02-1.947490498e-02-1.869941689e-02
-1.653978974e-02-1.300860196e-02-8.138204917e-03-1.972793136e-03 5.439832337e-03
 1.405410003e-02 2.382867597e-02 3.472492844e-02 4.670292139e-02 5.971679092e-02
 7.371164859e-02 8.862367272e-02 1.043848917e-01 1.209328622e-01 1.382248849e-01
 1.562499106e-01 1.750341803e-01 1.939807981e-01 2.131644040e-01 2.326530963e-01
 2.525230944e-01 2.728667855e-01 2.937997580e-01 3.154687882e-01 3.380626142e-01
 3.618277311e-01 3.870918453e-01 4.142943919e-01 4.439374805e-01 4.754344225e-01
 2.387539297e-01 2.344245016e-01 2.288211137e-01 2.222772240e-01 2.151848674e-01
 2.077093721e-01 1.999002844e-01 1.917745173e-01 1.833393723e-01 1.745974720e-01
 1.655476540e-01 1.561849415e-01 1.466278136e-01 1.369805635e-01 1.273092330e-01
 1.176574976e-01 1.080574841e-01 9.853696823e-02 8.912412822e-02 7.985062897e-02
 7.075356694e-02 6.187677386e-02 5.327158420e-02 4.499740154e-02 3.712199629e-02
 2.972159907e-02 2.288064547e-02 1.669090055e-02 1.124964934e-02 6.656710991e-03
 3.010160988e-03 4.011448145e-04-1.091483515e-03-1.405621530e-03-4.985497872e-04
 1.652777191e-03 5.053738605e-03 9.695746929e-03 1.556062326e-02 2.262448520e-02
 3.086011112e-02 4.023734108e-02 5.072175711e-02 6.227258593e-02 7.484101504e-02
 8.837039769e-02 1.027995646e-01 1.180700734e-01 1.341377497e-01 1.509851962e-01
 1.686370522e-01 1.865700930e-01 2.047927678e-01 2.233452201e-01 2.422863841e-01
 2.616945207e-01 2.816714048e-01 3.023492694e-01 3.239003122e-01 3.465499282e-01
 3.705945015e-01 3.964228928e-01 4.245398343e-01 4.556045532e-01 4.906952381e-01
 2.393394708e-01 2.356098890e-01 2.292228490e-01 2.223383933e-01 2.154410333e-01
 2.083136142e-01 2.009163499e-01 1.932422966e-01 1.852910519e-01 1.770633161e-01
 1.685599536e-01 1.597833187e-01 1.507440805e-01 1.416197717e-01 1.324815303e-01
 1.233794614e-01 1.143512726e-01 1.054288671e-01 9.664306793e-02 8.802681413e-02
 7.961720975e-02 7.145682719e-02 6.359441575e-02 5.608519167e-02 4.899084568e-02
 4.237920790e-02 3.632359206e-02 3.090168722e-02 2.619395405e-02 2.228138037e-02
 1.924272813e-02 1.715139858e-02 1.607235521e-02 1.605956256e-02 1.715438999e-02
 1.938521676e-02 2.276819572e-02 2.730879933e-02 3.300360590e-02 3.984173387e-02
 4.780550301e-02 5.687028170e-02 6.700382382e-02 7.816574723e-02 9.030821174e-02
 1.033785716e-01 1.173248887e-01 1.321049929e-01 1.476966441e-01 1.641112864e-01
 1.808348596e-01 1.978689581e-01 2.152314633e-01 2.329542935e-01 2.510855198e-01
 2.696916759e-01 2.888617516e-01 3.087128401e-01 3.293986320e-01 3.511213064e-01
 3.741490841e-01 3.988436759e-01 4.257149100e-01 4.556558132e-01 4.927763343e-01
 2.376784235e-01 2.336633653e-01 2.284404189e-01 2.223951816e-01 2.159345448e-01
 2.091957778e-01 2.022079527e-01 1.949753910e-01 1.874978841e-01 1.797747463e-01
 1.718050986e-01 1.635873019e-01 1.551176608e-01 1.465358436e-01 1.379345805e-01
 1.293767393e-01 1.209080443e-01 1.125653311e-01 1.043821872e-01 9.639251226e-02
 8.863292634e-02 8.114409444e-02 7.397153971e-02 6.716591121e-02 6.078283492e-02
 5.488252270e-02 4.952901977e-02 4.478915408e-02 4.073118419e-02 3.742314504e-02
 3.493094445e-02 3.331638128e-02 3.263522684e-02 3.293562680e-02 3.425700590e-02
 3.662949800e-02 4.007394985e-02 4.460218921e-02 5.021743848e-02 5.691452324e-02
 6.467989086e-02 7.349149138e-02 8.331891149e-02 9.412428736e-02 1.058646143e-01
 1.184959859e-01 1.319806427e-01 1.462944150e-01 1.614377946e-01 1.769017875e-01
 1.926730871e-01 2.087533325e-01 2.251514495e-01 2.418859899e-01 2.589865625e-01
 2.764955759e-01 2.944704592e-01 3.129863143e-01 3.321397006e-01 3.520534635e-01
 3.728841543e-01 3.948343694e-01 4.181759655e-01 4.433120787e-01 4.695553482e-01
 2.381898910e-01 2.346290648e-01 2.290657461e-01 2.228887976e-01 2.166636288e-01
 2.102778554e-01 2.036943138e-01 1.969014704e-01 1.898953766e-01 1.826749146e-01
 1.752402783e-01 1.675927639e-01 1.597361565e-01 1.516837776e-01 1.436121613e-01
 1.355882586e-01 1.276630908e-01 1.198780238e-01 1.122694238e-01 1.048723384e-01
 9.772293267e-02 9.086002404e-02 8.432599159e-02 7.816714050e-02 7.243361327e-02
 6.717902419e-02 6.245981905e-02 5.833438040e-02 5.486189571e-02 5.210113154e-02
 5.010903253e-02 4.893932491e-02 4.864118993e-02 4.925807939e-02 5.082678049e-02
 5.337672307e-02 5.692953245e-02 6.149869040e-02 6.708930434e-02 7.369794695e-02
 8.131255209e-02 8.991278707e-02 9.947104751e-02 1.099544391e-01 1.213283390e-01
 1.335615814e-01 1.466311663e-01 1.605315507e-01 1.747618317e-01 1.892941445e-01
 2.041154504e-01 2.192163021e-01 2.345918268e-01 2.502419948e-01 2.661723495e-01
 2.823941708e-01 2.989242375e-01 3.157840967e-01 3.329975009e-01 3.505858779e-01
 3.685584665e-01 3.868930340e-01 4.054908753e-01 4.240334332e-01 4.414820671e-01
 2.371284217e-01 2.334536910e-01 2.286524474e-01 2.231778651e-01 2.174198032e-01
 2.114566863e-01 2.052999288e-01 1.989527941e-01 1.924173087e-01 1.856951117e-01
 1.787876338e-01 1.716959179e-01 1.644199937e-01 1.569574475e-01 1.494385153e-01
 1.419505030e-01 1.345576794e-01 1.273095161e-01 1.202472672e-01 1.134082749e-01
 1.068290249e-01 1.005471126e-01 9.460236877e-02 8.903739601e-02 8.389767261e-02
 7.923134416e-02 7.508867978e-02 7.152135672e-02 6.858160345e-02 6.632116438e-02
 6.479026374e-02 6.403649597e-02 6.410374491e-02 6.503123787e-02 6.685263664e-02
 6.959525496e-02 7.327945530e-02 7.791803779e-02 8.351588994e-02 9.006977828e-02
 9.756857903e-02 1.059940606e-01 1.153227314e-01 1.255293787e-01 1.365911960e-01
 1.484900415e-01 1.612198353e-01 1.742873788e-01 1.876591891e-01 2.013110220e-01
 2.152199000e-01 2.293636948e-01 2.437210530e-01 2.582716346e-01 2.729959488e-01
 2.878744304e-01 3.028862476e-01 3.180061281e-01 3.331997693e-01 3.484151364e-01
 3.635691404e-01 3.785254658e-01 3.930611015e-01 4.068265259e-01 4.193375111e-01
 2.366122156e-01 2.330314368e-01 2.286307513e-01 2.236254066e-01 2.182880491e-01
 2.127307802e-01 2.069899887e-01 2.010799200e-01 1.950075180e-01 1.887770146e-01
 1.823917180e-01 1.758546084e-01 1.691689491e-01 1.623388529e-01 1.553726494e-01
 1.484161168e-01 1.415434777e-01 1.348124743e-01 1.282696276e-01 1.219554097e-01
 1.159075275e-01 1.101631523e-01 1.047604010e-01 9.973908961e-02 9.514103082e-02
 9.100995955e-02 8.739117530e-02 8.433102074e-02 8.187617363e-02 8.007282765e-02
 7.896583529e-02 7.859775421e-02 7.900799069e-02 8.023186770e-02 8.229981360e-02
 8.523660895e-02 8.906071633e-02 9.378375113e-02 9.941016883e-02 1.059372052e-01
 1.133551747e-01 1.216486394e-01 1.307987124e-01 1.407864988e-01 1.516048461e-01
 1.632537097e-01 1.752505452e-01 1.875644475e-01 2.001654953e-01 2.130222619e-01
 2.261009216e-01 2.393654585e-01 2.527778149e-01 2.662977874e-01 2.798828781e-01
 2.934876084e-01 3.070622980e-01 3.205509782e-01 3.338873982e-01 3.469900489e-01
 3.597544431e-01 3.720445633e-01 3.836855292e-01 3.944624364e-01 4.041338265e-01
 2.375229150e-01 2.345265299e-01 2.296724766e-01 2.244617492e-01 2.193225175e-01
 2.140861303e-01 2.087229639e-01 2.032291442e-01 1.976061315e-01 1.918565184e-01
 1.859832853e-01 1.799899638e-01 1.738808603e-01 1.676613241e-01 1.613380313e-01
 1.549206525e-01 1.485657245e-01 1.423393488e-01 1.362947971e-01 1.304765343e-01
 1.249245256e-01 1.196767911e-01 1.147709563e-01 1.102451682e-01 1.061386765e-01
 1.024919153e-01 9.934633976e-02 9.674409777e-02 9.472741190e-02 9.333799037e-02
 9.261628988e-02 9.260070321e-02 9.332679954e-02 9.482653436e-02 9.712748227e-02
 1.002522484e-01 1.042178869e-01 1.090356111e-01 1.147106141e-01 1.212423444e-01
 1.286250800e-01 1.368473321e-01 1.458872706e-01 1.557077319e-01 1.663490534e-01
 1.773594171e-01 1.887136698e-01 2.003820241e-01 2.123290300e-01 2.245141119e-01
 2.368919253e-01 2.494123131e-01 2.620203793e-01 2.746565938e-01 2.872572839e-01
 2.997548580e-01 3.120781779e-01 3.241521120e-01 3.358975649e-01 3.472290933e-01
 3.580534756e-01 3.682678938e-01 3.777589798e-01 3.864068389e-01 3.940915167e-01
 2.367231250e-01 2.334915101e-01 2.295237035e-01 2.250264287e-01 2.202787548e-01
 2.153971791e-01 2.104110420e-01 2.053264231e-01 2.001447231e-01 1.948670596e-01
 1.894953996e-01 1.840328127e-01 1.784836650e-01 1.728536784e-01 1.671499014e-01
 1.613804995e-01 1.555564105e-01 1.498364360e-01 1.442803144e-01 1.389371157e-01
 1.338513792e-01 1.290636808e-01 1.246127635e-01 1.205366329e-01 1.168733016e-01
 1.136611253e-01 1.109388843e-01 1.087455378e-01 1.071198955e-01 1.061001346e-01
 1.057232097e-01 1.060242057e-01 1.070356816e-01 1.087869703e-01 1.113035828e-01
 1.146067232e-01 1.187131032e-01 1.236347929e-01 1.293798685e-01 1.359534264e-01
 1.433591098e-01 1.516087055e-01 1.607193500e-01 1.702758968e-01 1.803091168e-01
 1.907597482e-01 2.015838623e-01 2.127389908e-01 2.241800129e-01 2.358566671e-01
 2.477120310e-01 2.596815229e-01 2.716926039e-01 2.836651206e-01 2.955124080e-01
 3.071433604e-01 3.184649944e-01 3.293868005e-01 3.398206234e-01 3.496857882e-01
 3.589082360e-01 3.674207926e-01 3.751648068e-01 3.820873797e-01 3.881452978e-01
 2.377362102e-01 2.352884561e-01 2.304740250e-01 2.256982625e-01 2.211446762e-01
 2.165822685e-01 2.119702995e-01 2.072966844e-01 2.025563419e-01 1.977472007e-01
 1.928694695e-01 1.879255324e-01 1.829197406e-01 1.778583228e-01 1.727492809e-01
 1.676020921e-01 1.624270976e-01 1.572360247e-01 1.521790177e-01 1.473010778e-01
 1.426596642e-01 1.383008509e-01 1.342673153e-01 1.305985004e-01 1.273324489e-01
 1.245068982e-01 1.221591979e-01 1.203262806e-01 1.190445050e-01 1.183494627e-01
 1.182755902e-01 1.188556999e-01 1.201203466e-01 1.220972240e-01 1.248105913e-01
 1.282813400e-01 1.325268746e-01 1.375607550e-01 1.433909237e-01 1.500232965e-01
 1.574476510e-01 1.657172293e-01 1.744448394e-01 1.836293638e-01 1.932629943e-01
 2.033225149e-01 2.137756348e-01 2.245837301e-01 2.357010394e-01 2.470730245e-01
 2.586345076e-01 2.703079283e-01 2.820018828e-01 2.936112285e-01 3.050188124e-01
 3.160998225e-01 3.267294467e-01 3.367867172e-01 3.461725116e-01 3.548052609e-01
 3.626307547e-01 3.696218133e-01 3.757698238e-01 3.810894191e-01 3.856037557e-01
 2.362537831e-01 2.333350480e-01 2.297823280e-01 2.258127928e-01 2.216912508e-01
 2.175206393e-01 2.133169770e-01 2.090748846e-01 2.047873437e-01 2.004500479e-01
 1.960620433e-01 1.916255206e-01 1.871453673e-01 1.826290935e-01 1.780866385e-01
 1.735304743e-01 1.689760983e-01 1.644427925e-01 1.599575877e-01 1.555217207e-01
 1.513113827e-01 1.473570168e-01 1.437101811e-01 1.404120325e-01 1.375012696e-01
 1.350174695e-01 1.329982132e-01 1.314793378e-01 1.304955333e-01 1.300806701e-01
 1.302677989e-01 1.310887933e-01 1.325737685e-01 1.347501874e-01 1.376417875e-01
 1.412678659e-01 1.456498355e-01 1.508062631e-01 1.567404568e-01 1.635165513e-01
 1.707948744e-01 1.786271334e-01 1.869788170e-01 1.958303303e-01 2.051635980e-01
 2.149572819e-01 2.251853347e-01 2.358152717e-01 2.468061298e-01 2.581057847e-01
 2.696473599e-01 2.813450694e-01 2.930897772e-01 3.047454953e-01 3.161489070e-01
 3.271152377e-01 3.374505937e-01 3.469887078e-01 3.555790484e-01 3.631372750e-01
 3.696289063e-01 3.750710785e-01 3.795424700e-01 3.831354379e-01 3.859637678e-01
 2.363256216e-01 2.339669168e-01 2.298772633e-01 2.257435918e-01 2.219137847e-01
 2.181561441e-01 2.144037187e-01 2.106274218e-01 2.068132609e-01 2.029554993e-01
 1.990537792e-01 1.951115579e-01 1.911353617e-01 1.871343851e-01 1.831203401e-01
 1.791074275e-01 1.751125604e-01 1.711554825e-01 1.672583222e-01 1.634451151e-01
 1.597478538e-01 1.561674178e-01 1.528929471e-01 1.499432921e-01 1.473501026e-01
 1.451679021e-01 1.434365660e-01 1.421904713e-01 1.414623111e-01 1.412845403e-01
 1.416898519e-01 1.427111477e-01 1.443811506e-01 1.467304379e-01 1.497816592e-01
 1.535354406e-01 1.580313891e-01 1.633467078e-01 1.691811830e-01 1.755932868e-01
 1.825631559e-01 1.900859177e-01 1.981524825e-01 2.067523301e-01 2.158748060e-01
 2.255077958e-01 2.356363088e-01 2.462407649e-01 2.572942972e-01 2.687592805e-01
 2.805817723e-01 2.926840186e-01 3.049535453e-01 3.172287643e-01 3.292828500e-01
 3.408178389e-01 3.514992893e-01 3.609769642e-01 3.690606356e-01 3.756150305e-01
 3.806349933e-01 3.842345178e-01 3.865843117e-01 3.879908621e-01 3.887245655e-01
 2.337053120e-01 2.309405505e-01 2.279164345e-01 2.247714698e-01 2.216175199e-01
 2.184480578e-01 2.152386754e-01 2.119762301e-01 2.086569518e-01 2.052825094e-01
 2.018579990e-01 1.983909160e-01 1.948907971e-01 1.913691312e-01 1.878393888e-01
 1.843171566e-01 1.808203757e-01 1.773694307e-01 1.739875078e-01 1.707005947e-01
 1.675380617e-01 1.645331085e-01 1.617323458e-01 1.591565162e-01 1.568051577e-01
 1.548900307e-01 1.534205973e-01 1.524185539e-01 1.519112885e-01 1.519291848e-01
 1.525050997e-01 1.536749899e-01 1.554805189e-01 1.579754353e-01 1.612403542e-01
 1.650174111e-01 1.693768948e-01 1.743460149e-01 1.798974127e-01 1.860259771e-01
 1.927271038e-01 1.999977231e-01 2.078357190e-01 2.162404061e-01 2.252123505e-01
 2.347531170e-01 2.448648066e-01 2.555490434e-01 2.668052912e-01 2.786278129e-01
 2.910009920e-01 3.038911223e-01 3.172330260e-01 3.309048116e-01 3.446747065e-01
 3.580748141e-01 3.702288568e-01 3.804236353e-01 3.883299828e-01 3.938404619e-01
 3.969937861e-01 3.979180455e-01 3.970358074e-01 3.951556087e-01 3.930272162e-01
 2.307655215e-01 2.277815045e-01 2.254867851e-01 2.233730107e-01 2.210761309e-01
 2.185938657e-01 2.159687429e-01 2.132307142e-01 2.104001195e-01 2.074924409e-01
 2.045210898e-01 2.014987618e-01 1.984383315e-01 1.953534037e-01 1.922587902e-01
 1.891709118e-01 1.861081123e-01 1.830909997e-01 1.801427156e-01 1.772892028e-01
 1.745595188e-01 1.719859242e-01 1.696039140e-01 1.674501598e-01 1.655678898e-01
 1.640195399e-01 1.628491431e-01 1.620937735e-01 1.617875397e-01 1.619630158e-01
 1.626516730e-01 1.638836115e-01 1.656866223e-01 1.680834442e-01 1.710840762e-01
 1.746619195e-01 1.788168251e-01 1.835511327e-01 1.888634265e-01 1.947529316e-01
 2.012202889e-01 2.082683742e-01 2.159026712e-01 2.241317481e-01 2.329680622e-01
 2.424286306e-01 2.525358498e-01 2.633181214e-01 2.748104334e-01 2.870545387e-01
 3.000982404e-01 3.139935434e-01 3.287934959e-01 3.445500135e-01 3.613360822e-01
 3.795139193e-01 3.998717368e-01 4.070006013e-01 4.173150063e-01 4.205595851e-01
 4.204163253e-01 4.209230840e-01 4.099129141e-01 4.024632275e-01 3.968375027e-01
 2.287338526e-01 2.255485803e-01 2.239862829e-01 2.226462513e-01 2.209338546e-01
 2.189731151e-01 2.168320417e-01 2.145504058e-01 2.121558040e-01 2.096693813e-01
 2.071084530e-01 2.044882327e-01 2.018229812e-01 1.991268992e-01 1.964148284e-01
 1.937028170e-01 1.910086722e-01 1.883523017e-01 1.857560426e-01 1.832449287e-01
 1.808468252e-01 1.785925626e-01 1.765159220e-01 1.746534407e-01 1.730445921e-01
 1.717315912e-01 1.707549542e-01 1.701526940e-01 1.699603647e-01 1.702112406e-01
 1.709360182e-01 1.721622646e-01 1.739135683e-01 1.762080788e-01 1.790569872e-01
 1.824646294e-01 1.864342541e-01 1.909689456e-01 1.960711777e-01 2.017441243e-01
 2.079924941e-01 2.148235291e-01 2.222480327e-01 2.302816659e-01 2.389463782e-01
 2.482721359e-01 2.582991720e-01 2.690806687e-01 2.806865573e-01 2.932078242e-01
 3.067620993e-01 3.214997053e-01 3.376090824e-01 3.553248644e-01 3.749850094e-01
 3.967953921e-01 4.122942090e-01 4.232845604e-01 4.319233596e-01 4.325083793e-01
 4.330255985e-01 4.242619574e-01 4.134125113e-01 4.042605460e-01 3.969256580e-01
 2.291620224e-01 2.263337820e-01 2.243978978e-01 2.229061723e-01 2.214034646e-01
 2.197602242e-01 2.179684341e-01 2.160456181e-01 2.140120268e-01 2.118858247e-01
 2.096825987e-01 2.074159682e-01 2.050984651e-01 2.027423680e-01 2.003604919e-01
 1.979669333e-01 1.955775768e-01 1.932105868e-01 1.908867806e-01 1.886297464e-01
 1.864661276e-01 1.844255030e-01 1.825403273e-01 1.808456481e-01 1.793787628e-01
 1.781784147e-01 1.772835254e-01 1.767322719e-01 1.765613258e-01 1.768051982e-01
 1.774956137e-01 1.786607206e-01 1.803243607e-01 1.825056225e-01 1.852184534e-01
 1.884721965e-01 1.922730953e-01 1.966254711e-01 2.015327513e-01 2.069985718e-01
 2.130281180e-01 2.196293324e-01 2.268144190e-01 2.346013933e-01 2.430159300e-01
 2.520937323e-01 2.618836165e-01 2.724518180e-01 2.838878333e-01 2.963131368e-01
 3.098934591e-01 3.248566389e-01 3.415182233e-01 3.603100479e-01 3.815338910e-01
 4.013030827e-01 4.147394300e-01 4.260465204e-01 4.307575226e-01 4.320917726e-01
 4.281363488e-01 4.179962277e-01 4.077938497e-01 3.991596400e-01 3.919703961e-01
 2.282942533e-01 2.251263112e-01 2.242480665e-01 2.234952748e-01 2.223121672e-01
 2.209233939e-01 2.193918973e-01 2.177462131e-01 2.160050124e-01 2.141821682e-01
 2.122882902e-01 2.103318572e-01 2.083203792e-01 2.062613219e-01 2.041631044e-01
 2.020358592e-01 1.998920738e-01 1.977470815e-01 1.956194192e-01 1.935310215e-01
 1.915073246e-01 1.895772070e-01 1.877728403e-01 1.861293614e-01 1.846844703e-01
 1.834777444e-01 1.825498492e-01 1.819416136e-01 1.816930026e-01 1.818421483e-01
 1.824241281e-01 1.834699213e-01 1.850055605e-01 1.870514304e-01 1.896221936e-01
 1.927271336e-01 1.963711679e-01 2.005559951e-01 2.052816600e-01 2.105479390e-01
 2.163560092e-01 2.227098644e-01 2.296178788e-01 2.370942831e-01 2.451608777e-01
 2.538491189e-01 2.632027864e-01 2.732817829e-01 2.841676474e-01 2.959719897e-01
 3.088499904e-01 3.230233789e-01 3.388165831e-01 3.566643298e-01 3.763107955e-01
 3.931398988e-01 4.048976600e-01 4.142804443e-01 4.176696837e-01 4.180536568e-01
 4.126415848e-01 4.036557376e-01 3.955961764e-01 3.886576593e-01 3.826628327e-01
 2.306289971e-01 2.279851735e-01 2.262016684e-01 2.249127775e-01 2.237005829e-01
 2.224215418e-01 2.210588008e-01 2.196224332e-01 2.181224526e-01 2.165642679e-01
 2.149493843e-01 2.132770568e-01 2.115459144e-01 2.097553462e-01 2.079066187e-01
 2.060037703e-01 2.040543258e-01 2.020697147e-01 2.000656575e-01 1.980622858e-01
 1.960842013e-01 1.941602975e-01 1.923236102e-01 1.906110346e-01 1.890629232e-01
 1.877225637e-01 1.866355538e-01 1.858488172e-01 1.854093224e-01 1.853625774e-01
 1.857507080e-01 1.866107881e-01 1.879727393e-01 1.898587495e-01 1.922821998e-01
 1.952487975e-01 1.987571716e-01 2.028011680e-01 2.073718906e-01 2.124598175e-01
 2.180569023e-01 2.241582125e-01 2.307632267e-01 2.378769517e-01 2.455107272e-01
 2.536831796e-01 2.624211610e-01 2.717608810e-01 2.817494869e-01 2.924469412e-01
 3.039283455e-01 3.162870407e-01 3.296388984e-01 3.441213370e-01 3.592967689e-01
 3.721939922e-01 3.821364343e-01 3.890705109e-01 3.927284777e-01 3.928772509e-01
 3.892967403e-01 3.841494620e-01 3.792257011e-01 3.746163547e-01 3.703549504e-01
 2.303393632e-01 2.272401899e-01 2.269604952e-01 2.263926566e-01 2.253158838e-01
 2.241031229e-01 2.228486984e-01 2.215812653e-01 2.203033566e-01 2.190055550e-01
 2.176731080e-01 2.162900119e-01 2.148412168e-01 2.133142204e-01 2.117002010e-01
 2.099949568e-01 2.081995458e-01 2.063207030e-01 2.043710500e-01 2.023691535e-01
 2.003393769e-01 1.983115822e-01 1.963208466e-01 1.944072247e-01 1.926154941e-01
 1.909950375e-01 1.895996034e-01 1.884865165e-01 1.877153218e-01 1.873454452e-01
 1.874329150e-01 1.880261749e-01 1.891639084e-01 1.908702701e-01 1.931562573e-01
 1.960179359e-01 1.994411051e-01 2.034033388e-01 2.078786045e-01 2.128409445e-01
 2.182673663e-01 2.241395712e-01 2.304449081e-01 2.371764481e-01 2.443325371e-01
 2.519160509e-01 2.599331438e-01 2.683916092e-01 2.772979438e-01 2.866527140e-01
 2.964416146e-01 3.066181242e-01 3.170684576e-01 3.275457323e-01 3.375938833e-01
 3.466043175e-01 3.540739715e-01 3.596919775e-01 3.633183837e-01 3.649673760e-01
 3.648848533e-01 3.635631799e-01 3.615249693e-01 3.591350615e-01 3.566089272e-01
 2.347734719e-01 2.322964221e-01 2.303025573e-01 2.286243439e-01 2.271101623e-01
 2.257454098e-01 2.245343327e-01 2.234462797e-01 2.224348783e-01 2.214544416e-01
 2.204630076e-01 2.194222361e-01 2.182983755e-01 2.170632034e-01 2.156951576e-01
 2.141799927e-01 2.125111520e-01 2.106902897e-01 2.087272852e-01 2.066400051e-01
 2.044538856e-01 2.022013665e-01 1.999207884e-01 1.976561099e-01 1.954569965e-01
 1.933796555e-01 1.914880723e-01 1.898548156e-01 1.885603517e-01 1.876896769e-01
 1.873261333e-01 1.875445992e-01 1.883986741e-01 1.899212897e-01 1.921140105e-01
 1.949568838e-01 1.984061450e-01 2.024080902e-01 2.069058120e-01 2.118466795e-01
 2.171867192e-01 2.228919864e-01 2.289379686e-01 2.353077680e-01 2.419899106e-01
 2.489756346e-01 2.562562525e-01 2.638196945e-01 2.716464996e-01 2.797038555e-01
 2.879377007e-01 2.962616384e-01 3.045438826e-01 3.125965595e-01 3.201804161e-01
 3.270367086e-01 3.329285979e-01 3.376857043e-01 3.412241340e-01 3.435598612e-01
 3.448036909e-01 3.451384902e-01 3.447788954e-01 3.439263701e-01 3.427442611e-01
 2.374704481e-01 2.350317984e-01 2.326594591e-01 2.303539812e-01 2.282006741e-01
 2.266404033e-01 2.256740331e-01 2.249520719e-01 2.243733556e-01 2.238633484e-01
 2.233495414e-01 2.227681726e-01 2.220637352e-01 2.211898714e-01 2.201101631e-01
 2.187988758e-01 2.172417194e-01 2.154354453e-01 2.133878917e-01 2.111186832e-01
 2.086577863e-01 2.060434670e-01 2.033198774e-01 2.005347163e-01 1.977393478e-01
 1.949917376e-01 1.923620403e-01 1.899390519e-01 1.878351122e-01 1.861846596e-01
 1.851318479e-01 1.848031580e-01 1.853002012e-01 1.866619140e-01 1.888854206e-01
 1.919002533e-01 1.956079155e-01 1.998857260e-01 2.046183348e-01 2.097123265e-01
 2.150998414e-01 2.207354903e-01 2.265904695e-01 2.326468229e-01 2.388923913e-01
 2.453166246e-01 2.519069314e-01 2.586454451e-01 2.655053437e-01 2.724474072e-01
 2.794158161e-01 2.863345444e-01 2.931050062e-01 2.996073663e-01 3.057070672e-01
 3.112673163e-01 3.161668778e-01 3.203153014e-01 3.236650228e-01 3.262156546e-01
 3.280125559e-01 3.291373253e-01 3.296922147e-01 3.297849595e-01 3.295166493e-01
 2.396455109e-01 2.371782065e-01 2.345731109e-01 2.317286282e-01 2.286055833e-01
 2.267178446e-01 2.260071784e-01 2.258680314e-01 2.260433882e-01 2.262574882e-01
 2.264424711e-01 2.265119254e-01 2.263831199e-01 2.259862870e-01 2.252691835e-01
 2.241968215e-01 2.227465361e-01 2.209101319e-01 2.186949104e-01 2.161229998e-01
 2.132367343e-01 2.100947052e-01 2.067569047e-01 2.032746375e-01 1.996894628e-01
 1.960405409e-01 1.923782527e-01 1.887851208e-01 1.854043603e-01 1.824643910e-01
 1.802599579e-01 1.790816039e-01 1.790911555e-01 1.803890169e-01 1.829185039e-01
 1.865547299e-01 1.910189837e-01 1.960230619e-01 2.013410032e-01 2.068343014e-01
 2.124305964e-01 2.180975676e-01 2.238243967e-01 2.296101302e-01 2.354565412e-01
 2.413634956e-01 2.473259866e-01 2.533317804e-01 2.593596578e-01 2.653778196e-01
 2.713428140e-01 2.771990597e-01 2.828796208e-01 2.883087099e-01 2.934062481e-01
 2.980945707e-01 3.023054004e-01 3.059872389e-01 3.091104329e-01 3.116697669e-01
 3.136835992e-01 3.151900172e-01 3.162412047e-01 3.168968261e-01 3.172179163e-01
 2.417987288e-01 2.394958138e-01 2.369830608e-01 2.341257036e-01 2.307158262e-01
 2.283691913e-01 2.268559336e-01 2.268566937e-01 2.274891287e-01 2.287451327e-01
 2.299793958e-01 2.309757173e-01 2.316532434e-01 2.318940014e-01 2.316321581e-01
 2.308515459e-01 2.295113504e-01 2.275956869e-01 2.251161635e-01 2.220664472e-01
 2.185121477e-01 2.146032452e-01 2.104628086e-01 2.061433941e-01 2.016465068e-01
 1.969454885e-01 1.920021921e-01 1.867879033e-01 1.813360453e-01 1.759308577e-01
 1.715315878e-01 1.689587385e-01 1.682584584e-01 1.696879119e-01 1.730725616e-01
 1.784442663e-01 1.848993450e-01 1.914529204e-01 1.978089064e-01 2.039219290e-01
 2.098168582e-01 2.155376524e-01 2.211295366e-01 2.266318053e-01 2.320747823e-01
 2.374786437e-01 2.428531498e-01 2.481977344e-01 2.535017431e-01 2.587448955e-01
 2.638978064e-01 2.689230442e-01 2.737765610e-01 2.784101069e-01 2.827741206e-01
 2.868213058e-01 2.905104160e-01 2.938097417e-01 2.966995537e-01 2.991734147e-01
 3.012381494e-01 3.029122650e-01 3.042234182e-01 3.052054942e-01 3.058954776e-01
 2.440962642e-01 2.422468365e-01 2.402370126e-01 2.380067557e-01 2.355887144e-01
 2.331595271e-01 2.303741425e-01 2.300060243e-01 2.300220728e-01 2.321721166e-01
 2.343780100e-01 2.365270852e-01 2.386571318e-01 2.397379130e-01 2.396390438e-01
 2.395174504e-01 2.383064479e-01 2.359642088e-01 2.335517854e-01 2.297611535e-01
 2.246790826e-01 2.195474505e-01 2.144576013e-01 2.093212158e-01 2.040203065e-01
 1.984154880e-01 1.923304200e-01 1.855206937e-01 1.776095033e-01 1.678591370e-01
 1.571093649e-01 1.561583579e-01 1.507247090e-01 1.563839615e-01 1.569777727e-01
 1.692537964e-01 1.796047538e-01 1.881391257e-01 1.955217719e-01 2.021004558e-01
 2.081051618e-01 2.137001902e-01 2.190057337e-01 2.241090387e-01 2.290714085e-01
 2.339332104e-01 2.387178689e-01 2.434349805e-01 2.480828017e-01 2.526502311e-01
 2.571184337e-01 2.614625990e-01 2.656534612e-01 2.696592808e-01 2.734478116e-01
 2.769885361e-01 2.802546919e-01 2.832251489e-01 2.858858407e-01 2.882304490e-01
 2.902604640e-01 2.919846475e-01 2.934178412e-01 2.945795655e-01 2.954923809e-01
 2.464573384e-01 2.453988343e-01 2.441370487e-01 2.426035255e-01 2.408431768e-01
 2.389731109e-01 2.372041940e-01 2.357826532e-01 2.340788096e-01 2.368111015e-01
 2.390081436e-01 2.416991890e-01 2.455114872e-01 2.473229915e-01 2.462840826e-01
 2.474574596e-01 2.463704646e-01 2.428910136e-01 2.416701168e-01 2.371541411e-01
 2.300107777e-01 2.239174694e-01 2.182640880e-01 2.127262205e-01 2.070847303e-01
 2.011458427e-01 1.946882755e-01 1.874107123e-01 1.788631827e-01 1.683991700e-01
 1.582614035e-01 1.556209475e-01 1.517895311e-01 1.557894945e-01 1.583606452e-01
 1.694796533e-01 1.802827865e-01 1.890193224e-01 1.962917745e-01 2.025387585e-01
 2.080693096e-01 2.131066471e-01 2.178112119e-01 2.222945839e-01 2.266305685e-01
 2.308649868e-01 2.350232899e-01 2.391162515e-01 2.431438118e-01 2.470979839e-01
 2.509647608e-01 2.547258139e-01 2.583599985e-01 2.618447542e-01 2.651573717e-01
 2.682764232e-01 2.711830735e-01 2.738619447e-01 2.763021290e-01 2.784975469e-01
 2.804470062e-01 2.821541130e-01 2.836265862e-01 2.848755717e-01 2.859147787e-01
 0.105880439E+01 0.105530286E+01 0.104355574E+01 0.103608525E+01 0.103150582E+01
 0.102911174E+01 0.102904725E+01 0.103150022E+01 0.103748631E+01 0.104418886E+01
 0.105316722E+01 0.106483996E+01 0.107888842E+01 0.109576011E+01 0.111507368E+01
 0.113729370E+01 0.116237438E+01 0.119041777E+01 0.122141290E+01 0.125508440E+01
 0.129118288E+01 0.132951427E+01 0.136992514E+01 0.141215265E+01 0.145577693E+01
 0.150079107E+01 0.154713726E+01 0.159494019E+01 0.164418590E+01 0.169457149E+01
 0.174636102E+01 0.179962671E+01 0.185445404E+01 0.191075873E+01 0.196842253E+01
 0.202820206E+01 0.208975458E+01 0.215308595E+01 0.221852112E+01 0.228637314E+01
 0.235667133E+01 0.242901540E+01 0.250470567E+01 0.258316803E+01 0.266456175E+01
 0.274935603E+01 0.283805132E+01 0.293006802E+01 0.302661204E+01 0.312768674E+01
 0.323318744E+01 0.334438133E+01 0.346112990E+01 0.358448887E+01 0.371537352E+01
 0.385421753E+01 0.400411606E+01 0.416470003E+01 0.434147882E+01 0.453854942E+01
 0.476079273E+01 0.502630568E+01 0.535810041E+01 0.584072685E+01 0.782554436E+01
   89   89
 0.109548247E+01 0.000000000E+00 0.109530675E+01 0.100000001E+00 0.109863579E+01
 0.200000003E+00 0.110562503E+01 0.299623579E+00 0.111087644E+01 0.349999994E+00
 0.112577498E+01 0.449999988E+00 0.113611960E+01 0.500000000E+00 0.115875006E+01
 0.586024165E+00 0.118001688E+01 0.649999976E+00 0.120015919E+01 0.699999988E+00
 0.122384882E+01 0.750000000E+00 0.125182474E+01 0.800000012E+00 0.128537512E+01
 0.850000024E+00 0.131812501E+01 0.890278578E+00 0.134468746E+01 0.918448448E+00
 0.138091409E+01 0.949999988E+00 0.142437506E+01 0.981406331E+00 0.145897293E+01
 0.100000000E+01 0.150406253E+01 0.101947081E+01 0.155718756E+01 0.103114486E+01
 0.161031246E+01 0.103247023E+01 0.166343749E+01 0.102336371E+01 0.171656251E+01
 0.100232375E+01 0.174312496E+01 0.987803400E+00 0.179624999E+01 0.951823771E+00
 0.182281256E+01 0.930457234E+00 0.185605764E+01 0.899999976E+00 0.190250003E+01
 0.853736997E+00 0.192906249E+01 0.824228287E+00 0.195562506E+01 0.792333722E+00
 0.198902071E+01 0.750000000E+00 0.202434778E+01 0.699999988E+00 0.205608535E+01
 0.649999976E+00 0.208445072E+01 0.600000024E+00 0.210975075E+01 0.550000012E+00
 0.213239360E+01 0.500000000E+00 0.215278840E+01 0.449999988E+00 0.217122936E+01
 0.400000006E+00 0.219468760E+01 0.326119691E+00 0.221536040E+01 0.250000000E+00
 0.222673988E+01 0.200000003E+00 0.224063826E+01 0.100000001E+00 0.224190307E+01
 0.000000000E+00 0.222970390E+01-0.100000001E+00 0.221849847E+01-0.150000006E+00
 0.219468760E+01-0.233798429E+00 0.217263985E+01-0.300000012E+00 0.215374398E+01
-0.349999994E+00 0.213350248E+01-0.400000006E+00 0.211201787E+01-0.449999988E+00
 0.208843756E+01-0.502233088E+00 0.206187510E+01-0.554996610E+00 0.203531241E+01
-0.603073239E+00 0.200663042E+01-0.649999976E+00 0.197453010E+01-0.699999988E+00
 0.194078779E+01-0.750000000E+00 0.190553415E+01-0.800000012E+00 0.187593746E+01
-0.839879394E+00 0.184937501E+01-0.875586212E+00 0.182281256E+01-0.910336733E+00
 0.179084027E+01-0.949999988E+00 0.175203025E+01-0.100000000E+01 0.171656251E+01
-0.104518259E+01 0.169000006E+01-0.108047509E+01 0.166343749E+01-0.111491692E+01
 0.163302565E+01-0.114999998E+01 0.159450078E+01-0.120000005E+01 0.155240643E+01
-0.126363790E+01 0.150406253E+01-0.121755826E+01 0.147749996E+01-0.118204093E+01
 0.145093751E+01-0.114388800E+01 0.142079568E+01-0.110000002E+01 0.139006150E+01
-0.104999995E+01 0.136190701E+01-0.100000000E+01 0.133590043E+01-0.949999988E+00
 0.131173027E+01-0.899999976E+00 0.128916061E+01-0.850000024E+00 0.126499999E+01
-0.792583048E+00 0.123843753E+01-0.726268947E+00 0.121187496E+01-0.654363692E+00
 0.119340825E+01-0.600000024E+00 0.117750371E+01-0.550000012E+00 0.115875006E+01
-0.483484447E+00 0.113878584E+01-0.400000006E+00 0.112892616E+01-0.349999994E+00
 0.111372328E+01-0.250000000E+00 0.110562503E+01-0.174538627E+00 0.109962475E+01
-0.100000001E+00 0.109548247E+01 0.000000000E+00
 0.101600003E+01 0.000000000E+00 0.101600003E+01 0.963999987E+00 0.101800001E+01
 0.967999995E+00 0.101800001E+01 0.100100005E+01 0.101800001E+01 0.101900005E+01
 0.101800001E+01 0.107700002E+01 0.101800001E+01 0.107000005E+01 0.101800001E+01
 0.109599996E+01 0.101800001E+01 0.111300004E+01 0.101800001E+01 0.113800001E+01
 0.101300001E+01 0.114699996E+01 0.101199996E+01 0.116499996E+01 0.100100005E+01
 0.121700001E+01 0.102900004E+01 0.121700001E+01 0.104200006E+01 0.116240001E+01
 0.104600000E+01 0.116237998E+01 0.105599999E+01 0.116390002E+01 0.109700000E+01
 0.116594005E+01 0.110800004E+01 0.116594005E+01 0.111600006E+01 0.116591001E+01
 0.113399994E+01 0.116895998E+01 0.114800000E+01 0.117174995E+01 0.116199994E+01
 0.117556000E+01 0.117999995E+01 0.118400002E+01 0.118400002E+01 0.118368995E+01
 0.118499994E+01 0.118499994E+01 0.119000006E+01 0.118900001E+01 0.119500005E+01
 0.119099998E+01 0.120099998E+01 0.119599998E+01 0.120899999E+01 0.120200002E+01
 0.121500003E+01 0.120799994E+01 0.122200000E+01 0.121399999E+01 0.122800004E+01
 0.122099996E+01 0.123399997E+01 0.123099995E+01 0.123500001E+01 0.123099995E+01
 0.123899996E+01 0.124399996E+01 0.124800003E+01 0.125399995E+01 0.125699997E+01
 0.127800000E+01 0.126199996E+01 0.128999996E+01 0.127999997E+01 0.133099997E+01
 0.127999997E+01 0.134700000E+01 0.127999997E+01 0.134800005E+01 0.130999994E+01
 0.134800005E+01 0.132799995E+01 0.134800005E+01 0.136099994E+01 0.134800005E+01
 0.138000000E+01 0.134800005E+01 0.141900003E+01 0.134800005E+01 0.141900003E+01
 0.130999994E+01 0.137199998E+01 0.130999994E+01 0.137199998E+01 0.129200006E+01
 0.160800004E+01 0.109500003E+01 0.164699996E+01 0.107700002E+01 0.178499997E+01
 0.107700002E+01 0.206999993E+01 0.103999996E+01 0.212800002E+01 0.992999971E+00
 0.224499989E+01 0.708999991E+00 0.232299995E+01 0.518999994E+00 0.237700009E+01
 0.388999999E+00 0.235200000E+01 0.400000006E+00 0.235100007E+01 0.337000012E+00
 0.235100007E+01 0.204999998E+00 0.235400009E+01 0.680000037E-01 0.235400009E+01
 0.000000000E+00 0.235400009E+01-0.680000037E-01 0.235299993E+01-0.204999998E+00
 0.235100007E+01-0.337000012E+00 0.235299993E+01-0.399899989E+00 0.237700009E+01
-0.388999999E+00 0.213400006E+01-0.972999990E+00 0.178600001E+01-0.117400002E+01
 0.176800001E+01-0.121099997E+01 0.176800001E+01-0.125399995E+01 0.168200004E+01
-0.125399995E+01 0.167400002E+01-0.126199996E+01 0.167400002E+01-0.132900000E+01
 0.168099999E+01-0.133899999E+01 0.175399995E+01-0.133899999E+01 0.175399995E+01
-0.136800003E+01 0.168900001E+01-0.136800003E+01 0.168900001E+01-0.136600006E+01
 0.155499995E+01-0.136600006E+01 0.141199994E+01-0.136600006E+01 0.127300000E+01
-0.136600006E+01 0.115300000E+01-0.136600006E+01 0.101600003E+01-0.122899997E+01
 0.101600003E+01-0.800000012E+00 0.101600003E+01-0.414999992E+00 0.101600003E+01
-0.400000006E+00 0.101600003E+01 0.000000000E+00
    0 0.169550002E+01    0
 0.000000000E+00 0.846441910E-01 0.119695649E+00 0.146380588E+00 0.168758065E+00
 0.188476399E+00 0.206306189E+00 0.222720400E+00 0.236854583E+00 0.251465410E+00
 0.265346318E+00 0.278703570E+00 0.291634023E+00 0.304168791E+00 0.316425353E+00
 0.328411072E+00 0.340223670E+00 0.351936460E+00 0.363511741E+00 0.375022650E+00
 0.386525661E+00 0.397980422E+00 0.409450918E+00 0.420961618E+00 0.432485729E+00
 0.444060922E+00 0.455660194E+00 0.467333615E+00 0.479093879E+00 0.490878195E+00
 0.502748668E+00 0.514692843E+00 0.526728809E+00 0.538855672E+00 0.551025569E+00
 0.563338399E+00 0.575733840E+00 0.588228047E+00 0.600821018E+00 0.613539219E+00
 0.626395047E+00 0.639324129E+00 0.652438164E+00 0.665667713E+00 0.679046333E+00
 0.692561865E+00 0.706273198E+00 0.720113754E+00 0.734159768E+00 0.748390913E+00
 0.762816012E+00 0.777443409E+00 0.792316437E+00 0.807397425E+00 0.822753847E+00
 0.838348389E+00 0.854290962E+00 0.870489359E+00 0.887083411E+00 0.904080629E+00
 0.921482980E+00 0.939539313E+00 0.958280385E+00 0.978046238E+00 0.100000000E+01
    0
