dee    diii-d

-------------------------------------------------------
 &NAMELIS1
 RMAJOR = 0.0
 RMINOR = 60.0
 BTOR = 0.0
 TOTCUR = 1937977.0
 RIN = 84.0
 ROUT = 243.0
 ZAX = 0.0
 NJ = 51
 NPRIM = 1
 NIMP = 1
 NAMEP = 'd'
 NAMEI = 'c'
 CER_ION = 'c'
 ITENP = 0
 ITTE = 0
 ITTI = 0
 ITXJ = 1
 IANGROT = 1
 ITANGROT = 0
 TAUPIN = 0.25
 WNEO = 1.0 2*0.0 1.0 2*0.0 1.0 0.0 1.0 3*0.0 2*1.0 4*0.0 1.0 5*0.0 1.0
 WNEOT = 1.0
 JHIRSH = 112
 RESISTIVE = 'hirshman'
 FTCALC = 'exact'
 INENEZ = 1
 ADJZEFF = 0
 NBCTIM = 1
 BCTIME = 2.109
 SPLNINPT = 'new'
 TIME0 = 2.109
 TIMMAX = 2.119
 DTMAX = 0.005
 NMAX = 1000
 IFFAR = 0
 JPRT = 1
 JFLUX = 1
 JCOEF = 0
 JSOURC = 0
 JBAL = 0
 JTFUS = 0
 JSXR = 0
 NNEU = 1
 NAMEN = 'd'
 RUN_PREPLT = .True.
 MOMTM_FILE = 0
 DO_EQPLOT = 0
 STEADY_STATE = 1.0
 RENEIN = 0.0 0.02 0.04 0.06 0.08 0.1 0.12 0.14 0.16 0.18 0.2 0.22 0.24 0.26 
 0.28 0.3 0.32 0.34 0.36 0.38 0.4 0.42 0.44 0.46 0.48 0.5 0.52 0.54 0.56 0.58 
 0.6 0.62 0.64 0.66 0.68 0.7000000000000001 0.72 0.74 0.76 0.78 0.8 
 0.8200000000000001 0.84 0.86 0.88 0.9 0.92 0.9400000000000001 0.96 0.98 1.0
 NJENE = 51
 ENEIN = 67172231674194.336 67146530149967.555 67072343821473.48 
 66954030980630.96 66795954687731.3 66602501881437.19 66378016439005.86 
 66126885424312.83 65853443094359.27 65562090983566.234 65257182168034.36 
 64943084697827.09 64624161634494.94 64304790345663.914 63989315046397.64 
 63682103339901.33 63387546438346.11 63110003519092.61 62853832420617.086 
 62623405406854.95 62423100530717.52 62257246881134.34 62130241382699.28 
 62046432526433.45 62010221482494.78 62025947570255.62 62097973935087.9 
 62230672679098.125 62428402880109.07 62695560723963.38 63036484284289.305 
 63455552955262.42 63957114624641.15 64544467125544.445 65188760524481.836 
 65824752204257.836 66385196876338.3 66802863897271.55 67010512355859.64 
 66940917511622.055 66526847192915.56 65701050337574.586 64396307615543.15 
 62545377249574.81 60081023462673.09 56934900468411.34 52639221311609.79 
 45738953383657.89 35125275122809.965 21697312863788.113 6862213807580.701
 RTEIN = 0.0 0.02 0.04 0.06 0.08 0.1 0.12 0.14 0.16 0.18 0.2 0.22 0.24 0.26 
 0.28 0.3 0.32 0.34 0.36 0.38 0.4 0.42 0.44 0.46 0.48 0.5 0.52 0.54 0.56 0.58 
 0.6 0.62 0.64 0.66 0.68 0.7000000000000001 0.72 0.74 0.76 0.78 0.8 
 0.8200000000000001 0.84 0.86 0.88 0.9 0.92 0.9400000000000001 0.96 0.98 1.0
 NJTE = 51
 TEIN = 7.478823184967041 7.4713993068414055 7.449547766196304 
 7.413899895471276 7.365087027106202 7.303738121581713 7.230485905169314 
 7.145959857162017 7.050791722043538 6.945611515129138 6.831050892254479 
 6.7077402991366775 6.5763101209955925 6.4373916892328955 6.291615016859972 
 6.139612291195304 5.982012690996614 5.819448978959683 5.652549388437688 
 5.481947380784463 5.308271464563155 5.132153871471825 4.954225518835395 
 4.775116041108552 4.595456980640814 4.415879726161393 4.237014123976969 
 4.059491819704217 3.8839426225275333 3.710997677543474 3.541289050933665 
 3.375444930648009 3.2140985792302716 3.0578791727319112 2.9074183038002213 
 2.7633473045318393 2.626295998459197 2.496895134362776 2.375776474708068 
 2.263569919880933 2.160906374668855 2.0643970601160158 1.957124661844105 
 1.8193275784231446 1.6312441258075432 1.3731763188144437 1.0480444826674644 
 0.7146735432542018 0.43527032976737967 0.21548774266802884 
 0.02578119978761606
 RTIIN = 0.0 0.02 0.04 0.06 0.08 0.1 0.12 0.14 0.16 0.18 0.2 0.22 0.24 0.26 
 0.28 0.3 0.32 0.34 0.36 0.38 0.4 0.42 0.44 0.46 0.48 0.5 0.52 0.54 0.56 0.58 
 0.6 0.62 0.64 0.66 0.68 0.7000000000000001 0.72 0.74 0.76 0.78 0.8 
 0.8200000000000001 0.84 0.86 0.88 0.9 0.92 0.9400000000000001 0.96 0.98 1.0
 NJTI = 51
 TIIN = 13.03064250946045 13.015193938357314 12.969768521172341 
 12.895736687990809 12.794479359314954 12.667368898403645 12.515783287261025 
 12.341098790100045 12.144689522056318 11.927931862623142 11.69220355983938 
 11.438877089878254 11.169332428941273 10.884941914240072 10.587082881298914 
 10.277131264829332 9.95646369653355 9.626451557512322 9.288476232351819 
 8.943913376654027 8.594135395830063 8.240519290448809 7.884442286841436 
 7.527279526435204 7.170405673853216 6.815217492381635 6.463304664251737 
 6.116395360792558 5.776215602327547 5.44449349998226 5.122957135856291 
 4.8133326338023155 4.51734713220143 4.236730465220994 3.973208281186916 
 3.7285083356479616 3.504358362058477 3.302485796058227 3.1246172624650352 
 2.972025437396796 2.8387916861140807 2.713267757730262 2.5836475442906863 
 2.4381250035452133 2.2664274712040653 2.0686230484558563 1.8490514265493558 
 1.6120664778560756 1.3620212895776904 1.103269105507725 0.840163707089232
 RANGROT = 0.0 0.02 0.04 0.06 0.08 0.1 0.12 0.14 0.16 0.18 0.2 0.22 0.24 0.26 
 0.28 0.3 0.32 0.34 0.36 0.38 0.4 0.42 0.44 0.46 0.48 0.5 0.52 0.54 0.56 0.58 
 0.6 0.62 0.64 0.66 0.68 0.7000000000000001 0.72 0.74 0.76 0.78 0.8 
 0.8200000000000001 0.84 0.86 0.88 0.9 0.92 0.9400000000000001 0.96 0.98 1.0
 ANGROTIN = 236960.140625 236631.98435694398 235669.79681165935 
 234106.9217413883 231976.71852336742 229312.56268701126 226147.82765301914 
 222515.85941971972 218450.0460935053 213983.7204078939 209150.29753836765 
 203983.10905333626 198515.49847866865 192780.9034300056 186812.687918207 
 180644.08178211376 174308.63832192592 167839.5636356093 161270.332723475 
 154634.24841087163 147964.70522652715 141295.10501566686 134658.73358934297 
 128089.01047156482 121619.28564327728 115282.94519099593 109113.30675532877 
 103143.77966305256 97407.71150668217 91938.4799955278 86769.45926323086 
 81926.42293744646 77380.0593833261 73076.65399683833 68962.29839944413 
 64983.18907491452 61085.47036405675 57215.286971988084 53318.779366547315 
 49344.51765440702 45283.31109583414 41161.939922453304 37008.37735715181 
 32850.55760985718 28716.446288380772 24633.961992350218 20619.98571084439 
 16664.130391914423 12751.871804493338 8868.670625293556 4999.999929796904
 ZEFFIN = 1.8650825629561019 1.8630718106282247 1.8574382385215298 
 1.8487716976369724 1.8376553470890258 1.824669828184056 1.8104004519028072 
 1.7954391179996785 1.7803886715638313 1.7658648308942648 1.7524993260588326 
 1.740940119915265 1.73185272862577 1.7259195045316034 1.723838534420163 
 1.7263214119365555 1.7340899413186264 1.7478718110785725 1.768394705473571 
 1.7963810264894982 1.8325379568544435 1.8775508446620672 1.9320708540794809 
 1.9967064225092606 2.0720104072796968 2.158452484541094 2.2552950064012602 
 2.3598921615115422 2.4693765675737263 2.580850591904098 2.6914170158674335 
 2.798209563158087 2.8984289368277234 2.989411688458662 3.069656316719663 
 3.1391052066070504 3.198052988969402 3.2469742961141734 3.286416351651705 
 3.3169181614062437 3.3389331322908227 3.352767272418828 3.3584943516157413 
 3.355866938006715 3.3441619034014862 3.3219669282556574 3.3040251455007392 
 3.3597524542035013 3*3.5
 RZEFFIN = 0.0 0.02 0.04 0.06 0.08 0.1 0.12 0.14 0.16 0.18 0.2 0.22 0.24 0.26 
 0.28 0.3 0.32 0.34 0.36 0.38 0.4 0.42 0.44 0.46 0.48 0.5 0.52 0.54 0.56 0.58 
 0.6 0.62 0.64 0.66 0.68 0.7000000000000001 0.72 0.74 0.76 0.78 0.8 
 0.8200000000000001 0.84 0.86 0.88 0.9 0.92 0.9400000000000001 0.96 0.98 1.0
 NJZEF = 51
 /
 &NAMELIS2
 IYOKA = 1
 ISHOT = 174783
 ITIME = 2109
 BEAMON = 0.2999 1.5109 1.5002 2.0001 2.0594 0.3203 1.5303 99.0
 BTIME = 4.0875 3.0591 3.0702 2.5699 2.5106 4.2497 3.0396 1.0
 TIMBPLT = 0.0
 NBEAMTCX = 1
 ITERATE_BEAM = .False.
 NAMEB = 'd'
 FDBEAM = 1.0
 NPART = 50000
 NPSKIP = 5
 MF = 21
 FE_TK = 1.5
 IEXCIT = 5
 IZSTRP = 2*1
 NBEAMS = 7
 NSOURC = 2
 SFRAC1 = 1.0 0.0 1.0 0.0 2*1.0 2*0.0
 EBKEV = 81.2263 75.6211 81.2553 74.3435 81.1423 80.4507 65.3396 80.0
 BPTOR = 2340100.0 1823290.0 1714170.0 1971750.0 2186950.0 2671190.0 
 1515540.0 0.0
 ANGLEH = 3*19.5 2*-19.5 3*19.5
 FBCUR = 0.791168 0.156113 0.0527187 0.782165 0.154284 0.0635514 0.791202 
 0.156123 0.0526746 0.779432 0.153903 0.0666653 0.791069 0.156084 0.0528469 
 0.790212 0.155845 0.053943 0.753011 0.15159 0.0953987 0.789614 0.155691 
 0.0546949
 ANGRCPLE = 1.0
 IRFPLT = 0
 IMAXBEAMCONVG = 20
 HDEPSMTH = 25
 ICALC_CXFACTOR = 0
 TORAY_VERSION = 1.8
 TORAY_PATH = '/home/prater/bin/toray1.8_noclob'
 RFON = 6*-1.0
 RFTIME = 6*-1.0
 IRFCUR = 6*1
 FREQ = 6*110000000000.0
 WRFO = 6*0.0
 GAFSEP = 1e-06
 HLWEC = 6*1.7
 RATWEC = 6*1.0
 RFMODE = 6*'ech'
 RFPOW = 6*0.0
 THETEC = 6*0.0
 PHAIEC = 6*0.0
 XEC = 6*0.0
 ZEC = 6*0.0
 NRAY = 6*30
 IDAMP = 6*8
 QRADR = 0.0 0.02 0.04 0.06 0.08 0.1 0.12 0.14 0.16 0.18 0.2 0.22 0.24 0.26 
 0.28 0.3 0.32 0.34 0.36 0.38 0.4 0.42 0.44 0.46 0.48 0.5 0.52 0.54 0.56 0.58 
 0.6 0.62 0.64 0.66 0.68 0.7000000000000001 0.72 0.74 0.76 0.78 0.8 
 0.8200000000000001 0.84 0.86 0.88 0.9 0.92 0.9400000000000001 0.96 0.98 1.0
 NQRAD = 51
 QRADIN = -0.00020023956312797964 0.00013524581380812694 
 0.0005434716849739402 0.0012264479239230735 0.002071417962472766 
 0.0031698638580557994 0.004450194263583602 0.005921465798784632 
 0.007565977364319681 0.009357189111263499 0.011299342525301627 
 0.013375795575725364 0.015577089654850508 0.01789191106935327 
 0.020312763630354475 0.02283086107855139 0.025438177422538538 
 0.028126894993047515 0.030890527973038536 0.03372161158989925 
 0.03661424204037189 0.03956229435488953 0.04255999660868017 
 0.04560180622462746 0.04868242311232615 0.05179675668615147 
 0.054939887707628546 0.05810697413326523 0.06129344511584699 
 0.06449468701681375 0.06770623837104459 0.07092368521568489 
 0.07414259991686692 0.07735859181254569 0.08056726188135138 
 0.08376418243959273 0.08694482145718258 0.09010459330892787 
 0.09323882459977426 0.09634264253811069 0.09941115796196165 
 0.10243903207582612 0.10542125640945205 0.10835177237771085 
 0.11122512139711269 0.11403490921098047 0.11641505183184558 
 0.11658578332362846 0.11238676853928568 0.10165486953053177 
 0.08215527181434368
 ANGLEV = 2*0.0 0.298413 4*0.0 -0.00119126
 RPIVOT = 8*286.56
 ZPIVOT = 2*0.0 -2.94555 4*0.0 0.137138
 BLENP(3) = 584.899
 BLENP(4) = 0.0
 /
 &NAMELIS3
 IFIXSHAP = 1
 XDIM = 170.0
 YDIM = 320.0
 REDGE = 84.0
 EQDSKIN = 'g174783.02109'
 IRGUESS = -99
 ITORFLUSE = 1
 ITERDB = 1
 NLIMITER = -1
 create_gcnmp_input = .True.
 write_ITERDB_txt = .False.
 ieqdsk = -1
 /
