 24-Oct-10 01/21/2000
 174783               1
  0.210900000E+04
*2109.000             1               0 SNB   3   2 CLC    39   40
  0.446328049E+02 0.169550003E+03-0.211839008E+01 0.196002000E+07
  0.193797700E+07 0.164737289E+03-0.107350006E+02 0.599415092E+02
  0.191631675E+01 0.460653961E+00 0.659552276E+00 0.201909360E+08
  0.170737534E+03-0.622321463E+01 0.549643707E+01 0.455359936E+01
  0.115852129E+01 0.876849771E+00 0.319705272E+01 0.104438362E+02
  0.175699520E+02 0.344019961E+01 0.401696539E+01-0.541866839E+00
  0.218854904E+03 0.155579712E+03 0.109121948E+03
  0.627616650E+14 0.656107425E+14 0.685917057E+14
  0.119805336E+03 0.119805336E+03
  0.677927998E+14 0.677927998E+14
  0.282609773E+01 0.432252198E+00 0.215918469E+01 0.220930195E+01
  0.704715252E+00 0.644069099E+01-0.500000000E+02-0.500000000E+02
 -0.500000000E+02-0.135554627E+00 0.201585098E+05 0.260847250E+07
  0.949924495E-08 0.142100406E+01 0.838483989E+00 0.293305004E-02
  0.148368561E+01 0.161423920E+03-0.222488001E+00 0.000000000E+00
  0.125202728E+03-0.125601913E+03 0.116033768E+03 0.113917625E+03
  0.124405451E+02-0.500000000E+02-0.211299443E+01-0.207274604E+01
  0.225604324E+02 0.453520737E+02 0.535334854E+02 0.319705272E+01
  0.173283661E+03-0.530199718E+01 0.277807832E+00 0.000000000E+00
  0.113253534E+01 0.445146084E+01 0.254996375E+07 0.000000000E+00
 -0.226668000E+00 0.000000000E+00 0.100361073E+01 0.100000000E+02
    44   76   18    6
  0.123019831E-02-0.224136636E-01 0.117558325E-01 0.867274925E-01
  0.113897286E+00-0.392769575E+00-0.305877298E+00 0.889856145E-01
 -0.141722560E+00-0.865300465E-02-0.289908480E-01-0.833713356E-02
  0.325176790E-01 0.131779939E+00-0.374670357E+00-0.279751748E+00
  0.134149283E+00-0.113101669E+00 0.171838123E-01 0.462237280E-02
  0.264993520E-02 0.553137548E-01 0.906787291E-01 0.100401320E+00
 -0.111643083E+00-0.269889474E+00-0.239258468E+00-0.441022724E+00
 -0.331888646E+00-0.156619691E-02-0.689692050E-02 0.181248318E-01
  0.707207322E-01 0.124852814E+00-0.105299413E+00-0.242612645E+00
 -0.200861648E+00-0.418267459E+00-0.301330239E+00 0.681966320E-01
 -0.283030439E-01 0.724982992E-01 0.183112435E-01-0.358679853E-01
  0.583106279E+00 0.570285618E+00 0.516011238E+00 0.547333956E+00
  0.540233910E+00 0.525758743E+00 0.344124943E+00 0.460064918E+00
  0.245187938E+00 0.385683447E+00 0.384473503E+00 0.384486705E+00
  0.442258686E+00 0.543532312E+00 0.459731668E+00 0.597423732E+00
  0.564083695E+00 0.603448331E+00 0.592665076E+00 0.572249234E+00
  0.415493160E+00 0.460219920E+00 0.603631437E+00 0.339312822E+00
  0.423080742E+00 0.424428165E+00 0.424266040E+00 0.480283409E+00
  0.549211323E+00-0.570371933E-01 0.522764064E-01 0.194726020E+00
  0.235677615E+00 0.233807787E+00 0.300315708E+00 0.383634329E+00
  0.386493891E+00 0.446259350E+00 0.536510050E+00 0.455221683E+00
  0.551469326E+00 0.475176901E+00 0.424103886E+00 0.422769129E+00
  0.354655832E+00 0.210036203E+00 0.267921537E+00 0.115662001E+00
 -0.105008967E+00-0.981624275E-01 0.224966094E+00 0.365668118E+00
  0.564606190E+00 0.604312718E+00 0.582759380E+00 0.550231934E+00
  0.517781258E+00 0.282388180E+00-0.248680394E-01-0.104486495E+00
  0.200130731E+00 0.236204281E+00 0.214035407E+00 0.179201379E+00
 -0.394968167E-01-0.464827754E-02-0.191966817E+00-0.229426414E+00
 -0.100447975E+00-0.559375323E-01 0.163358763E+00-0.114266621E-01
 -0.347570330E-01 0.174969032E+00 0.216026485E+00 0.223280311E+00
 -0.744616562E+05-0.165712609E+06-0.568304492E+05 0.210777828E+06
  0.206768188E+06-0.365866531E+06-0.217855297E+06 0.145721125E+06
 -0.179182016E+06-0.119903336E+06-0.168569031E+06-0.716945312E+05
  0.385561890E+04 0.269194188E+06-0.368578031E+06-0.231822094E+06
  0.204924734E+06-0.190604844E+06
 -0.350043008E+05-0.344113984E+05-0.346745000E+05-0.341718008E+05
 -0.347788984E+05-0.342693984E+05
  0.000000000E+00 0.110030579E+03-0.130915192E+03 0.129005386E+03
 -0.136300003E+03 0.000000000E+00 0.000000000E+00 0.000000000E+00
  0.000000000E+00 0.000000000E+00 0.724522324E+02 0.197466469E+01
  0.838598669E+00 0.166208673E+01-0.865722537E+00-0.380189747E+00
 -0.638633490E+00 0.300000000E+01 0.999000000E+03 0.255768609E+01
  0.135974073E+02 0.838483989E+00 0.000000000E+00 0.130944461E+00
  0.701737309E+01 0.142719135E+02 0.291983151E+01 0.000000000E+00
  0.164315015E+00 0.751793623E+00 0.104909897E+01 0.224607062E+01
  0.556413345E+02 0.267238092E+01 0.348319578E+01 0.109017200E+02
  0.168613243E+02 0.322076917E+01-0.150371087E+01-0.890000000E+02
  0.216573715E+01 0.101599991E+03 0.114675331E+03 0.110030579E+03
 -0.130915192E+03 0.116921913E+03 0.117838692E+03 0.129005386E+03
 -0.136300003E+03 0.196728240E+08 0.518375397E+00 0.681995749E+00
  0.132322403E+03 0.162359375E+03 0.000000000E+00 0.677137911E+00
