dee    diii-d

-------------------------------------------------------
 &NAMELIS1
 RMAJOR = 0.0
 RMINOR = 60.0
 BTOR = 0.0
 TOTCUR = 998917.644
 RIN = 84.0
 ROUT = 243.0
 ZAX = 0.0
 NJ = 51
 NPRIM = 1
 NIMP = 1
 NAMEP = 'd'
 NAMEI = 'c'
 CER_ION = 'c'
 ITENP = 0
 ITTE = 0
 ITTI = 0
 ITXJ = 1
 IANGROT = 1
 ITANGROT = 0
 TAUPIN = 0.25
 WNEO = 1.0 2*0.0 1.0 2*0.0 1.0 0.0 1.0 3*0.0 2*1.0 4*0.0 1.0 5*0.0 1.0
 WNEOT = 1.0
 JHIRSH = 112
 RESISTIVE = 'hirshman'
 FTCALC = 'exact'
 INENEZ = 1
 ADJZEFF = 1
 NBCTIM = 1
 BCTIME = 2.99
 SPLNINPT = 'new'
 TIME0 = 2.99
 TIMMAX = 3.0
 DTMAX = 0.005
 NMAX = 1000
 IFFAR = 0
 JPRT = 1
 JFLUX = 1
 JCOEF = 0
 JSOURC = 0
 JBAL = 0
 JTFUS = 0
 JSXR = 0
 NNEU = 1
 NAMEN = 'd'
 RUN_PREPLT = .True.
 MOMTM_FILE = 0
 DO_EQPLOT = 0
 STEADY_STATE = 1.0
 RENEIN = 0.0 0.02 0.04 0.06 0.08 0.1 0.12 0.14 0.16 0.18 0.2 0.22 0.24 0.26 
 0.28 0.3 0.32 0.34 0.36 0.38 0.4 0.42 0.44 0.46 0.48 0.5 0.52 0.54 0.56 0.58 
 0.6 0.62 0.64 0.66 0.68 0.7000000000000001 0.72 0.74 0.76 0.78 0.8 
 0.8200000000000001 0.84 0.86 0.88 0.9 0.92 0.9400000000000001 0.96 0.98 1.0
 NJENE = 51
 ENEIN = 70864486694335.94 70837736128289.27 70759344095793.61 
 70632076252551.95 70458712559381.25 70242013948052.86 69984774551191.0 
 69689750682328.336 69359731610799.75 68997483381924.164 68605780661258.516 
 68187417957981.336 67745127554943.91 67281727563109.13 66799941085220.69 
 66302604966981.32 65792445951217.73 65272264584649.6 64744801888189.97 
 64212899080857.695 63679256605823.46 63146681438067.42 62617940840233.305 
 62095852112719.27 61583108631638.17 61082549093804.34 60596923377306.25 
 60129013567301.875 59681582499719.69 59257406850467.44 58859282004370.445 
 58489942642535.84 58152198568122.71 57848830611197.484 57582569217249.305 
 57356228712384.21 57172560941721.78 57034359039293.234 56944384550060.91 
 56905412674209.4 56900596624338.016 56703638829636.516 55961440193423.09 
 54319139852165.336 51421874985629.97 46914775453766.65 40502973439491.86 
 32377802235672.67 22966424110812.31 12697577900344.559 2000000024399.9238
 RTEIN = 0.0 0.02 0.04 0.06 0.08 0.1 0.12 0.14 0.16 0.18 0.2 0.22 0.24 0.26 
 0.28 0.3 0.32 0.34 0.36 0.38 0.4 0.42 0.44 0.46 0.48 0.5 0.52 0.54 0.56 0.58 
 0.6 0.62 0.64 0.66 0.68 0.7000000000000001 0.72 0.74 0.76 0.78 0.8 
 0.8200000000000001 0.84 0.86 0.88 0.9 0.92 0.9400000000000001 0.96 0.98 1.0
 NJTE = 51
 TEIN = 2.2296762466430664 2.22767901409576 2.221800565331435 
 2.2122113696455976 2.1990809426593936 2.1825795186739603 2.1628775567119685 
 2.140144825346604 2.114551777667006 2.086267959082313 2.055464033912055 
 2.0223097780459525 1.9869749447176568 1.9496305996197327 1.9104461691739112 
 1.869591381028036 1.8272369944909053 1.7835532500710731 1.738709600832592 
 1.6928759702518517 1.6462234400489706 1.5989213869271226 1.5511403026539712 
 1.5030497502406661 1.4548204878539313 1.406621932110511 1.3586247704121888 
 1.310998729450489 1.2639138763716509 1.2175408220126867 1.17204850461992 
 1.1276085477991944 1.0843900140315281 1.042563374689289 1.0022983692852983 
 0.9637655990324774 0.9269183208042907 0.8905539085313763 0.8530849627067414 
 0.8129237868695554 0.7684824146494805 0.7181734243505767 0.6604817869106724 
 0.5951963556693602 0.5232341703476743 0.4455488248091114 0.36309425101321025 
 0.2768243147688745 0.18769284294445826 0.096653677435179 0.004660676234834682
 RTIIN = 0.0 0.02 0.04 0.06 0.08 0.1 0.12 0.14 0.16 0.18 0.2 0.22 0.24 0.26 
 0.28 0.3 0.32 0.34 0.36 0.38 0.4 0.42 0.44 0.46 0.48 0.5 0.52 0.54 0.56 0.58 
 0.6 0.62 0.64 0.66 0.68 0.7000000000000001 0.72 0.74 0.76 0.78 0.8 
 0.8200000000000001 0.84 0.86 0.88 0.9 0.92 0.9400000000000001 0.96 0.98 1.0
 NJTI = 51
 TIIN = 2.5408077239990234 2.5371100900533285 2.52635216642593 
 2.5090367779338227 2.485665557301148 2.4567410964220904 2.42276620362633 
 2.3842430127627816 2.3416733660773774 2.2955598992350117 2.246404894607923 
 2.194711443586103 2.1409809442014667 2.085716697644384 2.0294199030653917 
 1.9725938178140325 1.915740350523107 1.8593622552252735 1.8039615538437914 
 1.7500406378498372 1.6980443157037939 1.6480147519712551 1.5998220387820603 
 1.5533356868766532 1.5084252122470108 1.4649605742071685 1.422810634379366 
 1.381845518562493 1.3419344470881402 1.30294713155851 1.2647531487783397 
 1.227221974645866 1.190223309983341 1.1536263710109376 1.1173009996314376 
 1.081116773986659 1.0449430268186257 1.0086494851968724 0.9721056047377318 
 0.9351881209977182 0.8978669269992494 0.8601776821818716 0.8221570347893788 
 0.783841757040304 0.7452686932699549 0.7064748538298374 0.6674968325156987 
 0.62837159166187 0.5891359622883378 0.5498265995833345 0.5104804035905772
 RANGROT = 0.0 0.02 0.04 0.06 0.08 0.1 0.12 0.14 0.16 0.18 0.2 0.22 0.24 0.26 
 0.28 0.3 0.32 0.34 0.36 0.38 0.4 0.42 0.44 0.46 0.48 0.5 0.52 0.54 0.56 0.58 
 0.6 0.62 0.64 0.66 0.68 0.7000000000000001 0.72 0.74 0.76 0.78 0.8 
 0.8200000000000001 0.84 0.86 0.88 0.9 0.92 0.9400000000000001 0.96 0.98 1.0
 ANGROTIN = 127967.65625 127533.57810166792 126304.85148401117 
 124391.77327942465 121904.65599530344 118953.77367092464 115649.42921804838 
 112101.92976800114 108421.53058640227 104718.56376784321 101103.32082328685 
 97668.81230403774 94428.43666831865 91372.6079810439 88491.76574135774 
 85776.29841501833 83216.63193672143 80803.18007479557 78526.36097191345 
 76376.58544625294 74344.29747277983 72419.85816238601 70593.74197788889 
 68856.38350821282 67198.08507659649 65609.40621858463 64080.670454299594 
 62602.32579209752 61164.76186712941 59758.49884099875 58373.80240852684 
 57001.187855493576 55631.05761075862 54253.79476091854 52859.85983952092 
 51439.62413818584 49983.572411292436 48482.03980331376 46925.495329006764 
 45304.36479051128 43609.02059007249 41829.9173078894 39957.46228868015 
 37982.06394942611 35894.13229315679 33684.11834287438 31342.408193541312 
 28859.427425041955 26228.33496567406 23479.9831037882 20672.691420260817
 ZEFFIN = 2.303970540044787 2.3031105800320617 2.3006633224637643 
 2.296823417820195 2.2917808188250293 2.2857239162790792 2.2788394226186446 
 2.2713153015566676 2.2633411869516493 2.2551104669419075 2.246820413232493 
 2.2386739014729775 2.2308814560158847 2.2236590614270852 2.2172332994588357 
 2.211836863866784 2.2077143904672765 2.2051183559000638 2.204312985383315 
 2.205570740327754 2.2091760966552387 2.2154214067063718 2.2246080351196116 
 2.2370450049667148 2.253049875536906 2.2729422443825227 2.297045822723123 
 2.3256846862184943 2.3591793673504844 2.397819182153843 2.4409139498557253 
 2.48650042618252 2.5324665255407344 2.5766393822439904 2.6167966394615236 
 2.6506775900497983 2.6760035469471486 2.6904946088003827 2.691894682970977 
 2.6779935586410777 2.6472233109395433 2.6039496461454488 2.5552661098605745 
 2.507132262510621 2.4648630144941244 2.434457138965721 2.423659470924425 
 2.4301252899977808 2.441662964930906 2.44110628194544 1.7258909349719934
 RZEFFIN = 0.0 0.02 0.04 0.06 0.08 0.1 0.12 0.14 0.16 0.18 0.2 0.22 0.24 0.26 
 0.28 0.3 0.32 0.34 0.36 0.38 0.4 0.42 0.44 0.46 0.48 0.5 0.52 0.54 0.56 0.58 
 0.6 0.62 0.64 0.66 0.68 0.7000000000000001 0.72 0.74 0.76 0.78 0.8 
 0.8200000000000001 0.84 0.86 0.88 0.9 0.92 0.9400000000000001 0.96 0.98 1.0
 NJZEF = 51
 /
 &NAMELIS2
 IYOKA = 1
 ISHOT = 144977
 ITIME = 2990
 BEAMON = 2.9802 0.7 99.0 1.0001 4*99.0
 BTIME = 0.09 4.0499 1.0 0.3198 4*1.0
 TIMBPLT = 0.0
 NBEAMTCX = 1
 ITERATE_BEAM = .False.
 NAMEB = 'd'
 FDBEAM = 1.0
 NPART = 50000
 NPSKIP = 5
 MF = 21
 FE_TK = 1.5
 IEXCIT = 5
 IZSTRP = 2*1
 NBEAMS = 2
 NSOURC = 2
 SFRAC1 = 2*1.0 0.0 1.0 2*0.0 1.0 0.0
 EBKEV = 80.8049 74.6318 80.0 75.4856 4*80.0
 BPTOR = 2093940.0 1945070.0 6*0.0
 ANGLEH = 5*19.5 2*-19.5 19.5
 FBCUR = 0.790661 0.155967 0.0533728 0.780071 0.153988 0.0659417 0.789614 
 0.155691 0.0546949 0.781887 0.154243 0.0638703 0.789614 0.155691 0.0546949 
 0.789614 0.155691 0.0546949 0.789614 0.155691 0.0546949 0.789614 0.155691 
 0.0546949
 ANGRCPLE = 1.0
 IRFPLT = 0
 IMAXBEAMCONVG = 20
 HDEPSMTH = 25
 ICALC_CXFACTOR = 0
 TORAY_VERSION = 1.8
 TORAY_PATH = '/home/prater/bin/toray1.8_noclob'
 RFON = 6*-1.0
 RFTIME = 6*-1.0
 IRFCUR = 6*1
 FREQ = 6*110000000000.0
 WRFO = 6*0.0
 GAFSEP = 1e-06
 HLWEC = 6*1.7
 RATWEC = 6*1.0
 RFMODE = 6*'ech'
 RFPOW = 6*0.0
 THETEC = 6*0.0
 PHAIEC = 6*0.0
 XEC = 6*0.0
 ZEC = 6*0.0
 NRAY = 6*30
 IDAMP = 6*8
 QRADR = 0.0 0.02 0.04 0.06 0.08 0.1 0.12 0.14 0.16 0.18 0.2 0.22 0.24 0.26 
 0.28 0.3 0.32 0.34 0.36 0.38 0.4 0.42 0.44 0.46 0.48 0.5 0.52 0.54 0.56 0.58 
 0.6 0.62 0.64 0.66 0.68 0.7000000000000001 0.72 0.74 0.76 0.78 0.8 
 0.8200000000000001 0.84 0.86 0.88 0.9 0.92 0.9400000000000001 0.96 0.98 1.0
 NQRAD = 51
 QRADIN = 0.056979041546583176 0.056620523325536076 0.056221939597490896 
 0.05562316993833084 0.054821506056888895 0.05384044728486652 
 0.05268216488805373 0.05139091989059228 0.04996027397757143 
 0.04841437994588195 0.04676805461429243 0.045036733044014954 
 0.0432345005387858 0.04137560634971578 0.039474025499589886 
 0.03754308932691366 0.0355963550984063 0.03364722841550925 
 0.031708960850887265 0.029795040857882888 0.027919063873408586 
 0.026094593805226066 0.02433576600841983 0.02265682516560531 
 0.02107269049964682 0.019598156232255803 0.01825020157192256 
 0.017042701471833187 0.015995822961325623 0.015124939707825798 
 0.014450675624479149 0.013992383245885786 0.01377102916739046 
 0.013808342488113136 0.014128796613668816 0.014756016023148846 
 0.015717437870531502 0.017041205678194588 0.018757059275579947 
 0.02089729887322996 0.023496188436419815 0.02659003561358632 
 0.030219191411415446 0.034422264124558524 0.03924712293034048 
 0.04474086278997192 0.05065761391055874 0.05556216872786593 
 0.05774363771587852 0.05542909326424436 0.046881113067513525
 ANGLEV = 3*0.0 0.526405 -0.00119126 3*0.0
 RPIVOT = 8*286.56
 ZPIVOT = 3*0.0 -5.27183 0.137138 3*0.0
 BLENP(3) = 0.0
 BLENP(4) = 584.915
 /
 &NAMELIS3
 IFIXSHAP = 1
 XDIM = 170.0
 YDIM = 320.0
 REDGE = 84.0
 EQDSKIN = 'g144977.02990'
 IRGUESS = -99
 ITORFLUSE = 1
 ITERDB = 1
 NLIMITER = -1
 create_gcnmp_input = .True.
 write_ITERDB_txt = .False.
 ieqdsk = -1
 /
