 25-Mar-21 03/23/2021
 144977               1
   2990
*2990.000             1               0 SNB   3   2 CLC    40   41
  0.200103560E+02 0.169550000E+03-0.209288312E+01 0.998632688E+06
  0.997459471E+06 0.167479361E+03-0.677277571E+01 0.586186779E+02
  0.174426436E+01 0.245943131E+00 0.377053538E+00 0.173346612E+08
  0.170370727E+03 0.146816048E+01 0.688167243E+01 0.112455320E+01
  0.807153031E+00 0.912339066E+00 0.726096218E+01 0.104244772E+02
  0.337712202E+02 0.159809175E+02 0.492988608E+01-0.514312661E+00
  0.201743593E+03 0.137367056E+03 0.983411317E+02
  0.498255521E+14 0.570993157E+14 0.542795294E+14
  0.117158683E+03 0.114778234E+03
  0.646519133E+14
  0.301480481E+01 0.250088392E+00 0.210747104E+01 0.151589206E+01
  0.718368036E+00 0.875308899E+01-0.500000000E+02-0.500000000E+02
 -0.500000000E+02 0.799751087E-01 0.169442876E+05 0.522287593E+06
  0.994234901E-03 0.128793927E+01 0.119115055E+01-0.679554462E-02
  0.140321382E+01 0.161675679E+03 0.000000000E+00 0.000000000E+00
  0.145376981E+03-0.109019247E+03-0.999000000E+03-0.999000000E+03
  0.166681091E+02-0.500000000E+02-0.206939033E+01-0.204416972E+01
  0.100000000E+03 0.310976488E+02 0.443879209E+02 0.726096218E+01
  0.173590445E+03 0.230213603E+01 0.312409807E+00 0.179018490E+04
  0.774235135E+00 0.107869086E+01 0.500987284E+06-0.765153015E-05
  0.292493731E+00 0.171717629E+04 0.113282333E+01 0.100000000E+02
    44   76   18    6
  0.123998592E-02 0.110748897E-01 0.789034119E-02 0.519743437E-01
  0.587424569E-01-0.150462286E+00-0.169440080E+00 0.199118710E-01
  0.386055824E-01 0.140139085E-01 0.886824235E-02-0.290208152E-02
  0.468346644E-03 0.915792309E-01-0.132322593E+00-0.277512311E+00
  0.176116371E+00 0.117354745E+00 0.190937572E-01 0.163181430E-01
  0.144913481E-01 0.333602154E-01 0.526004285E-01 0.452375000E-01
  0.306824469E-01-0.134317534E+00-0.121327287E+00-0.175311207E+00
 -0.122733941E+00 0.219264511E-01 0.973258165E-02 0.144715708E-02
  0.413696083E-01 0.114119510E+00 0.385118043E-01-0.214658027E+00
 -0.197575660E+00-0.169625270E+00-0.121835511E+00 0.132675653E+00
  0.114931769E+00 0.982636978E-01 0.832053951E-01 0.428212767E-01
  0.362135798E+00 0.380678506E+00 0.257764328E+00 0.188510465E+00
 -0.485033376E-02-0.371477502E-01 0.592944544E-01 0.145482183E-01
  0.661499886E-01 0.171928268E+00 0.251943777E+00 0.226105101E+00
  0.283454238E+00 0.275036465E+00 0.231798809E+00 0.324820078E+00
  0.258122639E+00 0.216709225E+00 0.264276812E+00-0.191243175E-01
 -0.231402685E+00-0.134598611E+00-0.137354312E+00 0.127588039E+00
  0.291475154E+00 0.336338396E+00 0.265706486E+00 0.264140158E+00
  0.241010909E+00 0.515716348E-01 0.489946275E-01-0.181472714E-03
  0.652337470E-01 0.115391757E+00 0.183570127E+00 0.242896737E+00
  0.225337405E+00 0.240753910E+00 0.274629345E+00 0.229257369E+00
  0.242312142E+00 0.247664685E+00 0.265212341E+00 0.322884297E+00
  0.285992127E+00 0.127574731E+00-0.134404921E+00-0.130907451E+00
 -0.227635984E+00-0.138997307E-01 0.264299456E+00 0.216266067E+00
  0.259618662E+00 0.325316518E+00 0.362451535E+00 0.380105825E+00
  0.259712590E+00 0.195212395E+00-0.106180688E-01-0.379812269E-01
  0.492982220E-01 0.677988936E-01 0.815209780E-01 0.707352808E-01
  0.112928751E-01 0.280281025E-02-0.903800214E-01-0.138663985E+00
 -0.508336912E-02-0.134409395E-01 0.121182646E+00-0.296051144E-01
 -0.965662806E-02-0.818867080E-01-0.716694746E-01-0.619121333E-01
 -0.131868080E+06-0.515646825E+05-0.949218545E+05 0.935432312E+05
  0.931732359E+05-0.174584964E+06-0.191062227E+06-0.573037346E+05
  0.599580566E+05-0.673748941E+05-0.617468760E+05-0.731942840E+05
 -0.134579191E+06 0.807067208E+05-0.117377338E+06-0.333452955E+06
  0.227230036E+06 0.109459455E+06
 -0.149857254E+03-0.254792694E+03 0.452618561E+03 0.182017715E+03
  0.122946922E+03-0.782533722E+02
  0.000000000E+00 0.112263612E+03-0.133197123E+03 0.157383641E+03
 -0.125000000E+03 0.000000000E+00 0.000000000E+00 0.000000000E+00
  0.000000000E+00 0.000000000E+00 0.731213975E+02 0.151950237E+01
  0.538931572E+00 0.268762902E+01-0.400000000E+02-0.237598805E+00
 -0.515412490E+00 0.000000000E+00 0.999000000E+03 0.279291834E+01
  0.127255978E+02 0.119115055E+01 0.418116766E+01 0.146319312E+00
  0.422708714E+01 0.427552432E+01 0.349221866E+01 0.000000000E+00
 -0.126411269E-02 0.140072341E+00 0.108939356E+01 0.225802193E+01
  0.509271357E+02 0.285588642E+01-0.890000000E+02 0.179512535E+02
 -0.890000000E+02-0.890000000E+02-0.890000000E+02-0.890000000E+02
  0.170199462E+01-0.890000000E+02-0.890000000E+02 0.112263612E+03
 -0.133197123E+03-0.890000000E+02-0.890000000E+02 0.157383641E+03
 -0.125000000E+03 0.229270515E+07 0.214894283E+00 0.390587021E+00
  0.150826691E+03 0.169000000E+03 0.000000000E+00 0.751825678E+00
  0.000000000E+00-0.381824773E+01 0.000000000E+00 0.132202225E+02
                                            KIM
