  2-Apr-20 03/30/2020
 153523               1
   3745
*3745.000             1               0 SNB   3   2 CLC    40   41
  0.161628918E+02 0.169550002E+03-0.169090227E+01 0.133002538E+07
  0.129975622E+07 0.173491567E+03-0.115910730E+02 0.554517474E+02
  0.185820993E+01 0.368411598E+00 0.808052460E+00 0.172200606E+08
  0.172515801E+03-0.291578814E+01 0.425768596E+01 0.260268709E+01
  0.697214935E+00 0.882375515E+00 0.164398194E+02 0.757939041E+01
  0.372623410E+02 0.124788614E+02 0.334822012E+01-0.763596204E+00
  0.196342200E+03 0.143006430E+03 0.107592680E+03
  0.446335467E+14 0.503469062E+14 0.444906332E+14
  0.110903495E+03 0.108363391E+03
  0.535825420E+14
  0.378577975E+01 0.319275487E+00 0.214233617E+01 0.120048251E+01
  0.704761211E+00 0.534435316E+01-0.500000000E+02-0.500000000E+02
 -0.500000000E+02-0.904716346E-01 0.164186302E+05 0.730438892E+06
  0.669842847E-03 0.138858272E+01 0.953468874E+00-0.187202351E-01
  0.143171886E+01 0.166047074E+03 0.000000000E+00 0.000000000E+00
  0.128683646E+03-0.114632061E+03 0.115260134E+03 0.110592868E+03
  0.907666157E+01-0.500000000E+02-0.167736687E+01-0.161686858E+01
  0.211588033E+02 0.456478677E+02 0.521354901E+02 0.757939041E+01
  0.177313411E+03-0.655039353E+00 0.193050624E+00 0.337483205E+04
  0.714536969E+00 0.266734984E+01 0.748586363E+06-0.179805896E-04
  0.166521311E+00 0.345867844E+04 0.109807864E+01 0.100000000E+02
    44   76   18    6
 -0.240884890E+00-0.215733172E+00-0.159477181E+00-0.106750675E+00
 -0.118361035E+00-0.371538640E+00-0.380402117E+00-0.115122125E+00
 -0.237139858E+00-0.245517957E+00-0.229453354E+00-0.180639596E+00
 -0.882490383E-01-0.402791291E-01-0.343965313E+00-0.453751542E+00
 -0.323053162E-01-0.200606808E+00-0.228007099E+00-0.216191970E+00
 -0.180039644E+00-0.127905103E+00-0.116299571E+00-0.119160957E+00
 -0.223526502E+00-0.355807584E+00-0.332311204E+00-0.413888452E+00
 -0.341912252E+00-0.224780187E+00-0.197725942E+00-0.129175751E+00
 -0.732003268E-01-0.453006161E-01-0.228177809E+00-0.412956465E+00
 -0.381375761E+00-0.393219840E+00-0.325014172E+00-0.869191672E-01
 -0.152840690E+00-0.980529680E-01-0.142753750E+00-0.191593905E+00
  0.507194433E+00 0.495204911E+00 0.371640872E+00 0.128568756E+00
 -0.641018780E-01-0.181196085E-01-0.205824049E-01 0.759792537E-01
  0.137057751E+00 0.206643133E+00 0.282194085E+00 0.268668699E+00
  0.368956616E+00 0.351394078E+00 0.301827262E+00 0.506566881E+00
  0.414918959E+00 0.253972809E+00 0.996489303E-02-0.120157305E+00
 -0.125860656E+00 0.114554119E-02 0.859940457E-01 0.157306084E+00
  0.311380548E+00 0.352296876E+00 0.306154683E+00 0.355212656E+00
  0.323577507E+00-0.232544854E-01 0.212116113E-01 0.946740033E-01
  0.138280632E+00 0.154677038E+00 0.218300022E+00 0.275354723E+00
  0.269173252E+00 0.303378056E+00 0.350983699E+00 0.298513950E+00
  0.325297773E+00 0.311997070E+00 0.305986255E+00 0.343383526E+00
  0.306306631E+00 0.157544416E+00 0.850744548E-01 0.942232670E-02
 -0.122932626E+00-0.117873747E+00 0.911292886E-02 0.256565628E+00
  0.415416511E+00 0.506261494E+00 0.506754236E+00 0.494583172E+00
  0.373990291E+00 0.140640277E+00-0.681665802E-01-0.189928580E-01
  0.116429690E+00 0.131564339E+00 0.131612704E+00 0.116548837E+00
 -0.224442135E-01-0.292514923E-02-0.117873291E+00-0.153895302E+00
 -0.426805452E-01-0.103148088E-01 0.575751635E-01-0.188677167E-01
 -0.373396416E-01 0.453049905E-01 0.714416268E-01 0.804469911E-01
 -0.185121900E+06-0.140733729E+06-0.205777007E+04 0.175462477E+06
  0.512261311E+05-0.219119949E+06-0.184788427E+06 0.103120797E+06
 -0.804947852E+05-0.192238935E+06-0.162053850E+06-0.916535781E+05
  0.164232849E+06 0.178826277E+06-0.165072538E+06-0.291503903E+06
  0.175149421E+06-0.665848070E+05
 -0.245961211E+05-0.244155313E+05-0.243647422E+05-0.240632012E+05
 -0.244516387E+05-0.241106934E+05
  0.000000000E+00 0.101599999E+03-0.119314646E+03 0.136298021E+03
 -0.136300000E+03 0.000000000E+00 0.000000000E+00 0.000000000E+00
  0.000000000E+00 0.000000000E+00 0.721965624E+02 0.000000000E+00
  0.671586194E+00 0.163976737E+01-0.372338933E+01-0.309039910E+00
 -0.607547455E+00 0.000000000E+00 0.999000000E+03 0.210315059E+01
  0.136233706E+02 0.949741117E+00 0.245996423E+01-0.858711160E-01
  0.427626749E+01 0.665437893E+01 0.401520537E+01 0.174448243E+00
  0.843848816E+00 0.807294599E+00 0.118082087E+01 0.228943314E+01
  0.528090181E+02 0.248575521E+01 0.657187725E+01 0.134172443E+02
 -0.890000000E+02-0.890000000E+02-0.698070616E+01-0.890000000E+02
  0.141765061E+01 0.101599999E+03 0.108584994E+03 0.101599999E+03
 -0.119314646E+03-0.890000000E+02-0.890000000E+02 0.136298021E+03
 -0.136300000E+03 0.341537247E+06 0.587443692E+00 0.754262099E+00
  0.136496565E+03 0.166343750E+03 0.000000000E+00 0.669310027E+00
  0.000000000E+00-0.291813966E+01 0.000000000E+00 0.112489084E+02
                                            MSE
